Iteration	Time	Analog 0	Analog 1	Analog 2	Analog 3	Analog 4	Analog 5	Analog 6	Analog 7
0.0000	3536914575.0000	0.0000	0.6997	-0.0796	-0.0376	3.0681	0.0082	-0.0000	-0.1244	-0.1358	0.0000	0.0000	0.0000	0.0000	0.0000	0.0000	0.0000	0.0000
1.0000	3536914575.0000	53.3703	0.6972	0.0024	0.2647	1.6370	0.0042	-0.0001	-0.1775	0.0178	0.0000	0.0000	0.0000	0.0000	0.0000	0.0000	0.0000	0.0000
2.0000	3536914576.0000	100.0692	0.5979	0.0655	-3.1059	3.4797	0.0093	-0.0000	-0.0234	-0.1726	0.0000	0.0000	0.0000	0.0000	0.0000	0.0000	0.0000	0.0000
3.0000	3536914577.0000	150.1038	0.4573	0.0824	-0.2013	0.1500	0.0002	-0.0001	0.0589	-0.2700	0.0000	0.0000	0.0000	0.0000	0.0000	0.0000	0.0000	0.0000
4.0000	3536914578.0000	200.1385	0.3248	0.0938	-0.4419	5.4347	0.0147	-0.0000	0.1358	-0.1187	0.0000	0.0000	0.0000	0.0000	0.0000	0.0000	0.0000	0.0000
5.0000	3536914579.0000	253.5087	0.1997	0.0682	-1.0736	2.8805	0.0076	-0.0000	-0.1700	0.0365	0.0000	0.0000	0.0000	0.0000	0.0000	0.0000	0.0000	0.0000
6.0000	3536914580.0000	300.2077	0.1212	0.0521	-0.3398	3.2805	0.0087	-0.0000	0.0302	-0.0892	0.0000	0.0000	0.0000	0.0000	0.0000	0.0000	0.0000	0.0000
7.0000	3536914580.0000	353.5779	0.0582	0.0389	0.3617	2.1932	0.0058	-0.0000	-0.0480	-0.0529	0.0000	0.0000	0.0000	0.0000	0.0000	0.0000	0.0000	0.0000
8.0000	3536914581.0000	400.2769	0.0300	0.0239	-0.9306	2.2510	0.0059	-0.0001	-0.0724	0.0838	0.0000	0.0000	0.0000	0.0000	0.0000	0.0000	0.0000	0.0000
9.0000	3536914582.0000	450.3115	0.0091	0.0131	0.1898	4.3529	0.0117	-0.0000	0.0594	-0.1468	0.0000	0.0000	0.0000	0.0000	0.0000	0.0000	0.0000	0.0000
10.0000	3536914583.0000	500.3461	-0.0021	0.0076	-1.6158	-0.7848	-0.0024	-0.0001	0.1367	0.0069	0.0000	0.0000	0.0000	0.0000	0.0000	0.0000	0.0000	0.0000
11.0000	3536914584.0000	550.3808	-0.0027	0.0007	1.6144	1.0499	0.0026	-0.0001	0.1592	-0.0375	0.0000	0.0000	0.0000	0.0000	0.0000	0.0000	0.0000	0.0000
12.0000	3536914585.0000	600.4154	-0.0095	0.0009	-0.1416	3.4163	0.0091	-0.0001	-0.0003	-0.0944	0.0000	0.0000	0.0000	0.0000	0.0000	0.0000	0.0000	0.0000
13.0000	3536914585.0000	650.4500	-0.0129	-0.0039	-0.2392	2.9333	0.0078	-0.0000	-0.0104	-0.0116	0.0000	0.0000	0.0000	0.0000	0.0000	0.0000	0.0000	0.0000
14.0000	3536914586.0000	700.4846	-0.0108	-0.0013	-2.6400	1.2889	0.0033	-0.0001	-0.0441	0.1056	0.0000	0.0000	0.0000	0.0000	0.0000	0.0000	0.0000	0.0000
15.0000	3536914587.0000	750.5192	-0.0147	-0.0026	-1.6063	2.9075	0.0077	-0.0001	0.0001	0.1750	0.0000	0.0000	0.0000	0.0000	0.0000	0.0000	0.0000	0.0000
16.0000	3536914588.0000	803.8895	-0.0128	-0.0056	-2.3050	1.4001	0.0036	-0.0001	-0.0620	0.0451	0.0000	0.0000	0.0000	0.0000	0.0000	0.0000	0.0000	0.0000
17.0000	3536914589.0000	853.9241	-0.0131	-0.0032	-0.9558	2.8972	0.0077	-0.0001	0.1285	-0.0191	0.0000	0.0000	0.0000	0.0000	0.0000	0.0000	0.0000	0.0000
18.0000	3536914590.0000	900.6231	-0.0143	-0.0022	-1.7113	3.0254	0.0080	-0.0000	-0.0264	-0.0067	0.0000	0.0000	0.0000	0.0000	0.0000	0.0000	0.0000	0.0000
19.0000	3536914590.0000	950.6577	-0.0142	-0.0067	-0.7249	0.7278	0.0017	-0.0001	0.0590	-0.0448	0.0000	0.0000	0.0000	0.0000	0.0000	0.0000	0.0000	0.0000
20.0000	3536914591.0000	1004.0279	-0.0142	-0.0047	-1.4131	0.5400	0.0012	-0.0001	0.1012	0.0194	0.0000	0.0000	0.0000	0.0000	0.0000	0.0000	0.0000	0.0000
21.0000	3536914592.0000	1054.0625	-0.0165	-0.0051	-2.4487	4.2335	0.0113	-0.0000	-0.0349	0.1535	0.0000	0.0000	0.0000	0.0000	0.0000	0.0000	0.0000	0.0000
22.0000	3536914593.0000	1100.7615	-0.0114	-0.0029	-0.9768	0.4056	0.0009	-0.0001	0.0184	0.0535	0.0000	0.0000	0.0000	0.0000	0.0000	0.0000	0.0000	0.0000
23.0000	3536914594.0000	1154.1318	-0.0153	-0.0041	-2.8932	1.2362	0.0031	-0.0001	-0.0984	-0.0532	0.0000	0.0000	0.0000	0.0000	0.0000	0.0000	0.0000	0.0000
24.0000	3536914595.0000	1204.1664	-0.0150	-0.0046	-1.9487	0.3360	0.0007	-0.0001	-0.0134	-0.1263	0.0000	0.0000	0.0000	0.0000	0.0000	0.0000	0.0000	0.0000
25.0000	3536914596.0000	1254.2010	-0.0150	-0.0023	-1.0175	1.3759	0.0035	-0.0001	0.0137	0.1030	0.0000	0.0000	0.0000	0.0000	0.0000	0.0000	0.0000	0.0000
26.0000	3536914596.0000	1300.9000	-0.0163	-0.0060	-1.4154	3.6232	0.0097	-0.0001	-0.0104	-0.0111	0.0000	0.0000	0.0000	0.0000	0.0000	0.0000	0.0000	0.0000
27.0000	3536914597.0000	1354.2702	-0.0136	-0.0032	-1.5958	2.9650	0.0079	-0.0001	0.2578	-0.0396	0.0000	0.0000	0.0000	0.0000	0.0000	0.0000	0.0000	0.0000
28.0000	3536914598.0000	1400.9692	-0.0147	-0.0039	-1.4324	1.9066	0.0050	-0.0001	-0.1418	-0.0624	0.0000	0.0000	0.0000	0.0000	0.0000	0.0000	0.0000	0.0000
29.0000	3536914599.0000	1454.3395	-0.0148	-0.0054	-0.9675	3.7486	0.0100	-0.0001	-0.0139	0.0511	0.0000	0.0000	0.0000	0.0000	0.0000	0.0000	0.0000	0.0000
30.0000	3536914600.0000	1504.3741	-0.0122	-0.0045	-1.9210	4.7249	0.0127	-0.0000	0.1007	-0.1792	0.0000	0.0000	0.0000	0.0000	0.0000	0.0000	0.0000	0.0000
31.0000	3536914601.0000	1554.4087	-0.0148	-0.0053	-1.4608	2.0802	0.0054	-0.0001	0.0495	-0.0260	0.0000	0.0000	0.0000	0.0000	0.0000	0.0000	0.0000	0.0000
32.0000	3536914601.0000	1604.4433	-0.0148	-0.0060	-1.9990	1.5082	0.0039	-0.0001	-0.0859	-0.1768	0.0000	0.0000	0.0000	0.0000	0.0000	0.0000	0.0000	0.0000
33.0000	3536914602.0000	1654.4779	-0.0149	-0.0048	-1.6512	2.3177	0.0061	-0.0001	-0.0096	0.0215	0.0000	0.0000	0.0000	0.0000	0.0000	0.0000	0.0000	0.0000
34.0000	3536914603.0000	1701.1769	-0.0146	-0.0037	-1.1607	3.6303	0.0097	-0.0000	0.0204	-0.0358	0.0000	0.0000	0.0000	0.0000	0.0000	0.0000	0.0000	0.0000
35.0000	3536914604.0000	1751.2115	-0.0133	-0.0051	-2.5797	-0.5246	-0.0017	-0.0001	0.0908	-0.0681	0.0000	0.0000	0.0000	0.0000	0.0000	0.0000	0.0000	0.0000
36.0000	3536914605.0000	1801.2461	-0.0130	-0.0043	-2.8974	2.2902	0.0060	-0.0001	-0.0107	-0.0212	0.0000	0.0000	0.0000	0.0000	0.0000	0.0000	0.0000	0.0000
37.0000	3536914606.0000	1851.2807	-0.0136	-0.0062	-1.0729	2.3011	0.0060	-0.0001	-0.0391	-0.1040	0.0000	0.0000	0.0000	0.0000	0.0000	0.0000	0.0000	0.0000
38.0000	3536914606.0000	1901.3153	-0.0144	-0.0044	-1.5826	3.0536	0.0081	-0.0001	0.0636	0.0119	0.0000	0.0000	0.0000	0.0000	0.0000	0.0000	0.0000	0.0000
39.0000	3536914607.0000	1951.3500	-0.0124	-0.0063	-1.9252	1.5043	0.0039	-0.0001	-0.0469	0.1571	0.0000	0.0000	0.0000	0.0000	0.0000	0.0000	0.0000	0.0000
40.0000	3536914608.0000	2001.3846	-0.0138	-0.0049	-3.6465	1.3467	0.0034	-0.0001	-0.1709	0.0681	0.0000	0.0000	0.0000	0.0000	0.0000	0.0000	0.0000	0.0000
41.0000	3536914609.0000	2058.0905	-0.0131	-0.0046	-3.6562	2.5477	0.0067	-0.0000	0.0489	-0.0767	0.0000	0.0000	0.0000	0.0000	0.0000	0.0000	0.0000	0.0000
42.0000	3536914610.0000	2104.7894	-0.0149	-0.0015	-2.4682	-0.3094	-0.0011	-0.0001	-0.2181	0.0168	0.0000	0.0000	0.0000	0.0000	0.0000	0.0000	0.0000	0.0000
43.0000	3536914611.0000	2151.4884	-0.0136	-0.0057	-2.8530	0.3631	0.0007	-0.0001	0.0825	-0.1026	0.0000	0.0000	0.0000	0.0000	0.0000	0.0000	0.0000	0.0000
44.0000	3536914611.0000	2204.8587	-0.0142	-0.0037	-2.3623	2.1543	0.0056	-0.0001	-0.0019	-0.0231	0.0000	0.0000	0.0000	0.0000	0.0000	0.0000	0.0000	0.0000
45.0000	3536914612.0000	2251.5576	-0.0166	-0.0061	-3.0740	-2.0127	-0.0058	-0.0001	-0.0663	-0.0923	0.0000	0.0000	0.0000	0.0000	0.0000	0.0000	0.0000	0.0000
46.0000	3536914613.0000	2301.5923	-0.0142	-0.0041	-1.9275	1.1483	0.0029	-0.0001	0.0294	-0.1072	0.0000	0.0000	0.0000	0.0000	0.0000	0.0000	0.0000	0.0000
47.0000	3536914614.0000	2351.6269	-0.0158	-0.0035	-4.2168	-0.1595	-0.0007	-0.0001	-0.0148	-0.0166	0.0000	0.0000	0.0000	0.0000	0.0000	0.0000	0.0000	0.0000
48.0000	3536914615.0000	2404.9971	-0.0146	-0.0044	-2.3545	0.7115	0.0017	-0.0000	0.0886	0.1515	0.0000	0.0000	0.0000	0.0000	0.0000	0.0000	0.0000	0.0000
49.0000	3536914616.0000	2455.0317	-0.0128	-0.0045	-2.3962	0.0069	-0.0002	-0.0001	-0.0169	-0.1085	0.0000	0.0000	0.0000	0.0000	0.0000	0.0000	0.0000	0.0000
50.0000	3536914616.0000	2501.7307	-0.0132	-0.0016	-3.8822	0.7561	0.0018	-0.0001	0.0988	0.1960	0.0000	0.0000	0.0000	0.0000	0.0000	0.0000	0.0000	0.0000
51.0000	3536914617.0000	2548.4297	-0.0146	-0.0027	-1.9351	-0.7523	-0.0023	-0.0001	-0.0504	0.0700	0.0000	0.0000	0.0000	0.0000	0.0000	0.0000	0.0000	0.0000
52.0000	3536914618.0000	2598.4643	-0.0133	-0.0041	-3.1691	0.4497	0.0010	-0.0001	-0.1973	-0.0930	0.0000	0.0000	0.0000	0.0000	0.0000	0.0000	0.0000	0.0000
53.0000	3536914619.0000	2651.8346	-0.0148	-0.0039	-2.1506	0.5823	0.0013	-0.0001	-0.1635	-0.1416	0.0000	0.0000	0.0000	0.0000	0.0000	0.0000	0.0000	0.0000
54.0000	3536914620.0000	2698.5335	-0.0134	-0.0061	-2.2019	2.0886	0.0055	-0.0000	-0.0778	0.1917	0.0000	0.0000	0.0000	0.0000	0.0000	0.0000	0.0000	0.0000
55.0000	3536914621.0000	2748.5681	-0.0129	-0.0074	-2.2377	-1.8468	-0.0053	-0.0001	0.1371	-0.0243	0.0000	0.0000	0.0000	0.0000	0.0000	0.0000	0.0000	0.0000
56.0000	3536914621.0000	2798.6028	-0.0123	-0.0036	-3.0028	-0.5139	-0.0017	-0.0001	-0.0815	0.0107	0.0000	0.0000	0.0000	0.0000	0.0000	0.0000	0.0000	0.0000
57.0000	3536914622.0000	2851.9730	-0.0137	-0.0047	-3.8089	1.1979	0.0030	-0.0000	-0.1265	0.1662	0.0000	0.0000	0.0000	0.0000	0.0000	0.0000	0.0000	0.0000
58.0000	3536914623.0000	2902.0076	-0.0150	-0.0050	-0.7292	1.7257	0.0045	-0.0001	-0.1638	0.0139	0.0000	0.0000	0.0000	0.0000	0.0000	0.0000	0.0000	0.0000
59.0000	3536914624.0000	2948.7066	-0.0140	-0.0043	-2.1004	-0.4638	-0.0015	-0.0001	0.0303	0.0353	0.0000	0.0000	0.0000	0.0000	0.0000	0.0000	0.0000	0.0000
60.0000	3536914625.0000	2998.7412	-0.0152	-0.0050	-3.0187	-1.1558	-0.0034	-0.0001	0.0255	-0.0229	0.0000	0.0000	0.0000	0.0000	0.0000	0.0000	0.0000	0.0000
61.0000	3536914626.0000	3048.7758	-0.0131	-0.0030	-5.0342	0.3215	0.0006	-0.0001	-0.0634	0.1328	0.0000	0.0000	0.0000	0.0000	0.0000	0.0000	0.0000	0.0000
62.0000	3536914626.0000	3098.8104	-0.0139	-0.0059	-3.0367	-2.1805	-0.0062	-0.0001	0.0032	-0.0148	0.0000	0.0000	0.0000	0.0000	0.0000	0.0000	0.0000	0.0000
63.0000	3536914627.0000	3148.8451	-0.0112	-0.0033	-4.7368	-1.3866	-0.0040	-0.0001	0.0432	0.0607	0.0000	0.0000	0.0000	0.0000	0.0000	0.0000	0.0000	0.0000
64.0000	3536914628.0000	3202.2153	-0.0136	-0.0020	-3.3903	0.3113	0.0006	-0.0001	-0.2128	0.3103	0.0000	0.0000	0.0000	0.0000	0.0000	0.0000	0.0000	0.0000
65.0000	3536914629.0000	3248.9143	-0.0130	-0.0052	-3.6576	-0.0067	-0.0003	-0.0001	0.1097	-0.0357	0.0000	0.0000	0.0000	0.0000	0.0000	0.0000	0.0000	0.0000
66.0000	3536914630.0000	3302.2845	-0.0152	-0.0037	-0.9621	-0.4535	-0.0015	-0.0001	0.1398	-0.0455	0.0000	0.0000	0.0000	0.0000	0.0000	0.0000	0.0000	0.0000
67.0000	3536914631.0000	3352.3192	-0.0127	-0.0037	-3.6900	0.4664	0.0010	-0.0001	0.0174	-0.0087	0.0000	0.0000	0.0000	0.0000	0.0000	0.0000	0.0000	0.0000
68.0000	3536914631.0000	3399.0181	-0.0166	-0.0042	-2.8217	-1.7909	-0.0052	-0.0001	0.0194	0.0907	0.0000	0.0000	0.0000	0.0000	0.0000	0.0000	0.0000	0.0000
69.0000	3536914632.0000	3452.3884	-0.0169	-0.0074	-2.4621	-3.9181	-0.0110	-0.0001	-0.0562	0.1226	0.0000	0.0000	0.0000	0.0000	0.0000	0.0000	0.0000	0.0000
70.0000	3536914633.0000	3499.0874	-0.0153	-0.0025	-1.5366	-2.1840	-0.0062	-0.0001	0.0700	0.2208	0.0000	0.0000	0.0000	0.0000	0.0000	0.0000	0.0000	0.0000
71.0000	3536914634.0000	3549.1220	-0.0175	-0.0015	-1.0257	-2.2298	-0.0064	-0.0001	-0.0830	-0.0163	0.0000	0.0000	0.0000	0.0000	0.0000	0.0000	0.0000	0.0000
72.0000	3536914635.0000	3605.8279	-0.0169	-0.0012	-1.7535	-0.6063	-0.0019	-0.0001	0.1714	0.0357	0.0000	0.0000	0.0000	0.0000	0.0000	0.0000	0.0000	0.0000
73.0000	3536914636.0000	3652.5268	-0.0191	-0.0054	-2.2151	-0.2738	-0.0010	-0.0001	0.0699	-0.1956	0.0000	0.0000	0.0000	0.0000	0.0000	0.0000	0.0000	0.0000
74.0000	3536914636.0000	3699.2258	-0.0205	-0.0013	-0.3559	-2.7200	-0.0077	-0.0001	0.0542	0.0768	0.0000	0.0000	0.0000	0.0000	0.0000	0.0000	0.0000	0.0000
75.0000	3536914637.0000	3749.2604	-0.0165	-0.0035	-2.2633	-1.4109	-0.0041	-0.0001	0.0702	-0.0238	0.0000	0.0000	0.0000	0.0000	0.0000	0.0000	0.0000	0.0000
76.0000	3536914638.0000	3799.2950	-0.0151	-0.0067	-2.4655	-1.7704	-0.0051	-0.0001	0.0520	0.0001	0.0000	0.0000	0.0000	0.0000	0.0000	0.0000	0.0000	0.0000
77.0000	3536914639.0000	3849.3297	-0.0155	-0.0054	-0.9276	-1.3407	-0.0039	-0.0001	0.0212	0.0538	0.0000	0.0000	0.0000	0.0000	0.0000	0.0000	0.0000	0.0000
78.0000	3536914640.0000	3899.3643	-0.0146	-0.0039	-3.0498	-2.2774	-0.0065	-0.0001	0.1301	-0.2326	0.0000	0.0000	0.0000	0.0000	0.0000	0.0000	0.0000	0.0000
79.0000	3536914641.0000	3949.3989	-0.0140	-0.0054	-3.1721	-1.8913	-0.0054	-0.0001	-0.0794	0.0631	0.0000	0.0000	0.0000	0.0000	0.0000	0.0000	0.0000	0.0000
80.0000	3536914641.0000	4002.7691	-0.0151	-0.0064	-1.4771	-1.4933	-0.0043	-0.0001	-0.1767	0.0747	0.0000	0.0000	0.0000	0.0000	0.0000	0.0000	0.0000	0.0000
81.0000	3536914642.0000	4052.8038	-0.0139	-0.0030	-3.9604	-1.2954	-0.0038	-0.0001	0.1468	0.1533	0.0000	0.0000	0.0000	0.0000	0.0000	0.0000	0.0000	0.0000
82.0000	3536914643.0000	4099.5027	-0.0163	-0.0059	-1.3039	-1.5017	-0.0044	-0.0001	0.0447	0.0358	0.0000	0.0000	0.0000	0.0000	0.0000	0.0000	0.0000	0.0000
83.0000	3536914644.0000	4152.8730	-0.0123	-0.0048	-4.0229	0.0605	-0.0001	-0.0001	0.0338	-0.0668	0.0000	0.0000	0.0000	0.0000	0.0000	0.0000	0.0000	0.0000
84.0000	3536914645.0000	4202.9076	-0.0104	-0.0070	-1.5415	-1.3370	-0.0039	-0.0001	0.0287	0.0359	0.0000	0.0000	0.0000	0.0000	0.0000	0.0000	0.0000	0.0000
85.0000	3536914646.0000	4249.6066	-0.0155	-0.0041	-3.3235	-1.3895	-0.0041	-0.0001	0.1233	-0.0111	0.0000	0.0000	0.0000	0.0000	0.0000	0.0000	0.0000	0.0000
86.0000	3536914647.0000	4302.9768	-0.0147	-0.0038	0.1730	-3.2834	-0.0093	-0.0001	0.0862	-0.0162	0.0000	0.0000	0.0000	0.0000	0.0000	0.0000	0.0000	0.0000
87.0000	3536914647.0000	4349.6758	-0.0124	-0.0037	-1.6313	-1.8282	-0.0053	-0.0001	-0.0656	-0.0054	0.0000	0.0000	0.0000	0.0000	0.0000	0.0000	0.0000	0.0000
88.0000	3536914648.0000	4403.0461	-0.0150	-0.0045	-1.1050	-2.3348	-0.0066	-0.0001	0.0620	-0.0428	0.0000	0.0000	0.0000	0.0000	0.0000	0.0000	0.0000	0.0000
89.0000	3536914649.0000	4453.0807	-0.0148	-0.0034	-1.2044	-1.9821	-0.0057	-0.0001	0.1517	-0.0959	0.0000	0.0000	0.0000	0.0000	0.0000	0.0000	0.0000	0.0000
90.0000	3536914650.0000	4503.1153	-0.0148	-0.0033	-1.8525	-4.8577	-0.0136	-0.0001	0.0700	-0.0172	0.0000	0.0000	0.0000	0.0000	0.0000	0.0000	0.0000	0.0000
91.0000	3536914651.0000	4553.1499	-0.0128	-0.0058	-0.9168	-1.4474	-0.0042	-0.0001	0.1312	-0.0249	0.0000	0.0000	0.0000	0.0000	0.0000	0.0000	0.0000	0.0000
92.0000	3536914652.0000	4603.1845	-0.0135	-0.0049	0.3056	-5.1118	-0.0143	-0.0001	-0.0261	0.0281	0.0000	0.0000	0.0000	0.0000	0.0000	0.0000	0.0000	0.0000
93.0000	3536914652.0000	4649.8835	-0.0141	-0.0060	-3.0541	-2.0803	-0.0060	-0.0001	0.1343	-0.0669	0.0000	0.0000	0.0000	0.0000	0.0000	0.0000	0.0000	0.0000
94.0000	3536914653.0000	4703.2537	-0.0164	-0.0022	-2.2326	-3.6426	-0.0103	-0.0001	-0.0043	-0.0437	0.0000	0.0000	0.0000	0.0000	0.0000	0.0000	0.0000	0.0000
95.0000	3536914654.0000	4753.2884	-0.0138	-0.0051	-0.1879	-4.0840	-0.0115	-0.0001	0.0013	0.0993	0.0000	0.0000	0.0000	0.0000	0.0000	0.0000	0.0000	0.0000
96.0000	3536914655.0000	4799.9873	-0.0137	-0.0032	-0.5337	-1.4455	-0.0042	-0.0001	-0.2182	-0.1259	0.0000	0.0000	0.0000	0.0000	0.0000	0.0000	0.0000	0.0000
97.0000	3536914656.0000	4853.3576	-0.0142	-0.0073	-1.1901	-3.9240	-0.0111	-0.0001	-0.0212	0.0569	0.0000	0.0000	0.0000	0.0000	0.0000	0.0000	0.0000	0.0000
98.0000	3536914657.0000	4900.0566	-0.0151	-0.0058	-0.6416	-2.2050	-0.0063	-0.0001	-0.0275	0.0492	0.0000	0.0000	0.0000	0.0000	0.0000	0.0000	0.0000	0.0000
99.0000	3536914657.0000	4950.0912	-0.0132	-0.0033	-0.3744	-2.3330	-0.0067	-0.0001	-0.0050	0.0221	0.0000	0.0000	0.0000	0.0000	0.0000	0.0000	0.0000	0.0000
100.0000	3536914658.0000	5000.1258	-0.0119	-0.0045	-2.1134	-1.4147	-0.0042	-0.0001	-0.2113	0.1937	0.0000	0.0000	0.0000	0.0000	0.0000	0.0000	0.0000	0.0000
101.0000	3536914659.0000	5050.1604	-0.0147	-0.0059	-0.7128	-2.3156	-0.0066	-0.0001	-0.0549	-0.1398	0.0000	0.0000	0.0000	0.0000	0.0000	0.0000	0.0000	0.0000
102.0000	3536914660.0000	5100.1950	-0.0137	-0.0038	-0.3736	-1.7291	-0.0050	-0.0001	-0.0008	-0.0557	0.0000	0.0000	0.0000	0.0000	0.0000	0.0000	0.0000	0.0000
103.0000	3536914661.0000	5153.5653	-0.0144	-0.0033	-1.8251	-5.3766	-0.0150	-0.0001	0.1312	0.0339	0.0000	0.0000	0.0000	0.0000	0.0000	0.0000	0.0000	0.0000
104.0000	3536914662.0000	5203.5999	-0.0115	-0.0057	0.0567	-0.7393	-0.0023	-0.0001	0.1303	0.0044	0.0000	0.0000	0.0000	0.0000	0.0000	0.0000	0.0000	0.0000
105.0000	3536914662.0000	5250.2989	-0.0128	-0.0054	0.9236	-1.8310	-0.0053	-0.0001	0.0346	-0.0723	0.0000	0.0000	0.0000	0.0000	0.0000	0.0000	0.0000	0.0000
106.0000	3536914663.0000	5300.3335	-0.0154	-0.0043	1.7252	-4.4848	-0.0126	-0.0001	-0.0138	-0.0682	0.0000	0.0000	0.0000	0.0000	0.0000	0.0000	0.0000	0.0000
107.0000	3536914664.0000	5353.7037	-0.0140	-0.0024	0.6859	-3.0867	-0.0087	-0.0001	0.1705	-0.0601	0.0000	0.0000	0.0000	0.0000	0.0000	0.0000	0.0000	0.0000
108.0000	3536914665.0000	5403.7383	-0.0139	-0.0020	-0.8180	-1.8820	-0.0054	-0.0001	-0.0575	-0.0414	0.0000	0.0000	0.0000	0.0000	0.0000	0.0000	0.0000	0.0000
109.0000	3536914666.0000	5453.7730	-0.0137	-0.0056	1.4286	-3.3624	-0.0095	-0.0001	-0.0188	-0.0424	0.0000	0.0000	0.0000	0.0000	0.0000	0.0000	0.0000	0.0000
110.0000	3536914667.0000	5500.4719	-0.0160	-0.0054	-0.8103	-2.8024	-0.0080	-0.0001	-0.0874	-0.0857	0.0000	0.0000	0.0000	0.0000	0.0000	0.0000	0.0000	0.0000
111.0000	3536914667.0000	5550.5065	-0.0161	-0.0040	-0.0879	-1.0430	-0.0032	-0.0001	0.0722	-0.1591	0.0000	0.0000	0.0000	0.0000	0.0000	0.0000	0.0000	0.0000
112.0000	3536914668.0000	5603.8768	-0.0147	-0.0035	1.6620	-2.8435	-0.0081	-0.0001	0.0470	0.0245	0.0000	0.0000	0.0000	0.0000	0.0000	0.0000	0.0000	0.0000
113.0000	3536914669.0000	5650.5758	-0.0128	-0.0031	0.2092	-3.1879	-0.0090	-0.0001	0.1294	-0.0678	0.0000	0.0000	0.0000	0.0000	0.0000	0.0000	0.0000	0.0000
114.0000	3536914670.0000	5700.6104	-0.0122	-0.0050	-0.9272	-0.7920	-0.0024	-0.0001	-0.1773	-0.2864	0.0000	0.0000	0.0000	0.0000	0.0000	0.0000	0.0000	0.0000
115.0000	3536914671.0000	5750.6450	-0.0119	-0.0040	-0.1108	-2.4344	-0.0069	-0.0001	-0.0248	-0.1090	0.0000	0.0000	0.0000	0.0000	0.0000	0.0000	0.0000	0.0000
116.0000	3536914672.0000	5804.0153	-0.0148	-0.0055	1.4016	-4.2111	-0.0118	-0.0001	-0.0095	-0.0181	0.0000	0.0000	0.0000	0.0000	0.0000	0.0000	0.0000	0.0000
117.0000	3536914672.0000	5854.0499	-0.0130	-0.0033	-1.6220	-1.1048	-0.0033	-0.0001	0.1052	0.0193	0.0000	0.0000	0.0000	0.0000	0.0000	0.0000	0.0000	0.0000
118.0000	3536914673.0000	5900.7488	-0.0160	-0.0043	-0.6573	-1.7560	-0.0051	-0.0001	-0.1418	0.0343	0.0000	0.0000	0.0000	0.0000	0.0000	0.0000	0.0000	0.0000
119.0000	3536914674.0000	5950.7835	-0.0145	-0.0041	0.6346	-4.7487	-0.0134	-0.0001	-0.0579	-0.2216	0.0000	0.0000	0.0000	0.0000	0.0000	0.0000	0.0000	0.0000
120.0000	3536914675.0000	6004.1537	-0.0143	-0.0047	0.7884	-4.6024	-0.0129	-0.0001	0.1314	-0.0586	0.0000	0.0000	0.0000	0.0000	0.0000	0.0000	0.0000	0.0000
121.0000	3536914676.0000	6050.8527	-0.0130	-0.0058	-0.0159	-0.9680	-0.0029	-0.0001	-0.2106	-0.1128	0.0000	0.0000	0.0000	0.0000	0.0000	0.0000	0.0000	0.0000
122.0000	3536914677.0000	6100.8873	-0.0153	-0.0067	0.9204	-2.5142	-0.0071	-0.0001	-0.2240	-0.1206	0.0000	0.0000	0.0000	0.0000	0.0000	0.0000	0.0000	0.0000
123.0000	3536914677.0000	6154.2576	-0.0167	-0.0031	0.6608	-2.2840	-0.0065	-0.0001	0.1601	0.0170	0.0000	0.0000	0.0000	0.0000	0.0000	0.0000	0.0000	0.0000
124.0000	3536914678.0000	6204.2922	-0.0105	-0.0043	1.4814	-3.0910	-0.0087	-0.0001	0.0855	0.1030	0.0000	0.0000	0.0000	0.0000	0.0000	0.0000	0.0000	0.0000
125.0000	3536914679.0000	6250.9911	-0.0147	-0.0027	1.4843	-3.6367	-0.0102	-0.0001	0.1314	-0.0820	0.0000	0.0000	0.0000	0.0000	0.0000	0.0000	0.0000	0.0000
126.0000	3536914680.0000	6304.3614	-0.0133	-0.0058	2.7696	-3.5385	-0.0100	-0.0001	0.2255	-0.0599	0.0000	0.0000	0.0000	0.0000	0.0000	0.0000	0.0000	0.0000
127.0000	3536914681.0000	6354.3960	-0.0161	-0.0047	3.3038	-2.8184	-0.0080	-0.0001	0.0058	-0.0858	0.0000	0.0000	0.0000	0.0000	0.0000	0.0000	0.0000	0.0000
128.0000	3536914682.0000	6401.0950	-0.0134	-0.0046	-0.8595	-2.6818	-0.0076	-0.0001	0.0791	-0.0071	0.0000	0.0000	0.0000	0.0000	0.0000	0.0000	0.0000	0.0000
129.0000	3536914682.0000	6454.4652	-0.0109	-0.0050	2.2187	-1.8131	-0.0053	-0.0001	0.0978	-0.1619	0.0000	0.0000	0.0000	0.0000	0.0000	0.0000	0.0000	0.0000
130.0000	3536914683.0000	6504.4999	-0.0160	-0.0045	2.3293	-2.3730	-0.0068	-0.0001	0.1169	0.0333	0.0000	0.0000	0.0000	0.0000	0.0000	0.0000	0.0000	0.0000
131.0000	3536914684.0000	6554.5345	-0.0151	-0.0054	0.6656	-3.6955	-0.0104	-0.0001	0.1036	0.1030	0.0000	0.0000	0.0000	0.0000	0.0000	0.0000	0.0000	0.0000
132.0000	3536914685.0000	6604.5691	-0.0147	-0.0034	3.1710	-3.1369	-0.0089	-0.0001	-0.0002	0.0020	0.0000	0.0000	0.0000	0.0000	0.0000	0.0000	0.0000	0.0000
133.0000	3536914686.0000	6654.6037	-0.0129	-0.0024	0.9541	-3.3494	-0.0094	-0.0001	0.1824	-0.0104	0.0000	0.0000	0.0000	0.0000	0.0000	0.0000	0.0000	0.0000
134.0000	3536914687.0000	6701.3027	-0.0148	-0.0076	2.4945	-4.0203	-0.0113	-0.0001	0.1809	0.1822	0.0000	0.0000	0.0000	0.0000	0.0000	0.0000	0.0000	0.0000
135.0000	3536914687.0000	6751.3373	-0.0121	-0.0057	0.3517	-2.9202	-0.0083	-0.0001	-0.1839	0.0218	0.0000	0.0000	0.0000	0.0000	0.0000	0.0000	0.0000	0.0000
136.0000	3536914688.0000	6804.7075	-0.0151	-0.0055	-0.2501	-2.2869	-0.0065	-0.0001	-0.0637	0.0524	0.0000	0.0000	0.0000	0.0000	0.0000	0.0000	0.0000	0.0000
137.0000	3536914689.0000	6854.7422	-0.0124	-0.0032	1.5004	-0.9211	-0.0028	-0.0001	0.0038	0.0348	0.0000	0.0000	0.0000	0.0000	0.0000	0.0000	0.0000	0.0000
138.0000	3536914690.0000	6904.7768	-0.0153	-0.0066	3.5192	-0.3728	-0.0013	-0.0001	0.1265	0.1206	0.0000	0.0000	0.0000	0.0000	0.0000	0.0000	0.0000	0.0000
139.0000	3536914691.0000	6951.4757	-0.0146	-0.0036	3.7781	-1.3189	-0.0039	-0.0001	0.1033	-0.0794	0.0000	0.0000	0.0000	0.0000	0.0000	0.0000	0.0000	0.0000
140.0000	3536914692.0000	7004.8460	-0.0144	-0.0035	3.5584	-2.0793	-0.0060	-0.0001	0.1553	0.0955	0.0000	0.0000	0.0000	0.0000	0.0000	0.0000	0.0000	0.0000
141.0000	3536914692.0000	7054.8806	-0.0132	-0.0031	0.4658	-0.9683	-0.0029	-0.0001	-0.1102	0.1159	0.0000	0.0000	0.0000	0.0000	0.0000	0.0000	0.0000	0.0000
142.0000	3536914693.0000	7104.9152	-0.0145	-0.0069	1.4519	-1.3285	-0.0039	-0.0001	-0.0173	-0.1414	0.0000	0.0000	0.0000	0.0000	0.0000	0.0000	0.0000	0.0000
143.0000	3536914694.0000	7154.9498	-0.0141	-0.0061	1.3782	0.0195	-0.0002	-0.0001	0.0390	0.0243	0.0000	0.0000	0.0000	0.0000	0.0000	0.0000	0.0000	0.0000
144.0000	3536914695.0000	7201.6488	-0.0144	-0.0038	4.3954	-1.4057	-0.0041	-0.0001	-0.0119	0.0171	0.0000	0.0000	0.0000	0.0000	0.0000	0.0000	0.0000	0.0000
145.0000	3536914696.0000	7251.6834	-0.0134	-0.0049	1.6200	-2.1153	-0.0061	-0.0001	0.1932	0.1087	0.0000	0.0000	0.0000	0.0000	0.0000	0.0000	0.0000	0.0000
146.0000	3536914697.0000	7301.7180	-0.0130	-0.0050	2.7230	-2.2845	-0.0065	-0.0001	0.0353	0.1606	0.0000	0.0000	0.0000	0.0000	0.0000	0.0000	0.0000	0.0000
147.0000	3536914697.0000	7351.7527	-0.0130	-0.0057	0.7997	-0.4608	-0.0015	-0.0001	-0.1377	-0.0524	0.0000	0.0000	0.0000	0.0000	0.0000	0.0000	0.0000	0.0000
148.0000	3536914698.0000	7405.1229	-0.0168	-0.0044	1.5972	-0.8728	-0.0027	-0.0001	0.1304	0.0355	0.0000	0.0000	0.0000	0.0000	0.0000	0.0000	0.0000	0.0000
149.0000	3536914699.0000	7455.1575	-0.0122	-0.0049	4.1068	-0.8649	-0.0026	-0.0001	-0.0460	-0.0052	0.0000	0.0000	0.0000	0.0000	0.0000	0.0000	0.0000	0.0000
150.0000	3536914700.0000	7498.5209	-0.0116	-0.0056	2.7488	-1.8644	-0.0054	-0.0001	-0.1376	0.0842	0.0000	0.0000	0.0000	0.0000	0.0000	0.0000	0.0000	0.0000
151.0000	3536914701.0000	7548.5555	-0.0126	-0.0047	2.7959	-1.4637	-0.0043	-0.0001	0.0481	0.0030	0.0000	0.0000	0.0000	0.0000	0.0000	0.0000	0.0000	0.0000
152.0000	3536914702.0000	7598.5901	-0.0131	-0.0067	3.0736	-2.0572	-0.0059	-0.0001	-0.1382	0.0537	0.0000	0.0000	0.0000	0.0000	0.0000	0.0000	0.0000	0.0000
153.0000	3536914702.0000	7651.9603	-0.0148	-0.0031	5.1044	1.1517	0.0029	-0.0001	0.0625	-0.1814	0.0000	0.0000	0.0000	0.0000	0.0000	0.0000	0.0000	0.0000
154.0000	3536914703.0000	7698.6593	-0.0151	-0.0045	2.3310	0.1698	0.0002	-0.0001	0.0565	0.0313	0.0000	0.0000	0.0000	0.0000	0.0000	0.0000	0.0000	0.0000
155.0000	3536914704.0000	7752.0296	-0.0153	-0.0055	0.8597	-1.1864	-0.0035	-0.0001	0.1263	0.0744	0.0000	0.0000	0.0000	0.0000	0.0000	0.0000	0.0000	0.0000
156.0000	3536914705.0000	7802.0642	-0.0148	-0.0078	3.3849	-2.0896	-0.0060	-0.0001	-0.0924	-0.0473	0.0000	0.0000	0.0000	0.0000	0.0000	0.0000	0.0000	0.0000
157.0000	3536914706.0000	7848.7632	-0.0138	-0.0034	1.7951	-2.5393	-0.0072	-0.0001	0.0511	-0.0264	0.0000	0.0000	0.0000	0.0000	0.0000	0.0000	0.0000	0.0000
158.0000	3536914707.0000	7902.1334	-0.0138	-0.0015	2.1396	-1.8265	-0.0053	-0.0001	-0.0676	-0.0167	0.0000	0.0000	0.0000	0.0000	0.0000	0.0000	0.0000	0.0000
159.0000	3536914707.0000	7948.8324	-0.0134	-0.0042	3.6317	0.8144	0.0020	-0.0001	-0.0070	0.0818	0.0000	0.0000	0.0000	0.0000	0.0000	0.0000	0.0000	0.0000
160.0000	3536914708.0000	8002.2026	-0.0112	-0.0053	2.8284	-0.5451	-0.0018	-0.0001	0.0976	-0.0966	0.0000	0.0000	0.0000	0.0000	0.0000	0.0000	0.0000	0.0000
161.0000	3536914709.0000	8052.2373	-0.0151	-0.0031	1.5771	1.1826	0.0030	-0.0001	-0.2152	-0.0165	0.0000	0.0000	0.0000	0.0000	0.0000	0.0000	0.0000	0.0000
162.0000	3536914710.0000	8102.2719	-0.0112	-0.0025	2.2547	0.5425	0.0012	-0.0001	0.0079	-0.0987	0.0000	0.0000	0.0000	0.0000	0.0000	0.0000	0.0000	0.0000
163.0000	3536914711.0000	8148.9708	-0.0131	-0.0051	5.2709	-0.6637	-0.0021	-0.0001	0.0641	-0.1504	0.0000	0.0000	0.0000	0.0000	0.0000	0.0000	0.0000	0.0000
164.0000	3536914712.0000	8202.3411	-0.0134	-0.0074	5.7826	-0.5528	-0.0018	-0.0001	0.2621	-0.1250	0.0000	0.0000	0.0000	0.0000	0.0000	0.0000	0.0000	0.0000
165.0000	3536914712.0000	8249.0401	-0.0129	-0.0066	1.6697	0.3468	0.0007	-0.0001	0.0178	-0.0485	0.0000	0.0000	0.0000	0.0000	0.0000	0.0000	0.0000	0.0000
166.0000	3536914713.0000	8302.4103	-0.0151	-0.0068	2.2492	-1.3621	-0.0040	-0.0001	-0.0053	0.0387	0.0000	0.0000	0.0000	0.0000	0.0000	0.0000	0.0000	0.0000
167.0000	3536914714.0000	8352.4449	-0.0157	-0.0030	1.9630	-1.3427	-0.0039	-0.0001	0.0480	0.0028	0.0000	0.0000	0.0000	0.0000	0.0000	0.0000	0.0000	0.0000
168.0000	3536914715.0000	8402.4796	-0.0121	-0.0060	1.8433	0.8899	0.0022	-0.0001	0.0883	-0.0083	0.0000	0.0000	0.0000	0.0000	0.0000	0.0000	0.0000	0.0000
169.0000	3536914716.0000	8449.1785	-0.0147	-0.0032	1.8995	-1.7334	-0.0050	-0.0001	-0.1058	-0.0186	0.0000	0.0000	0.0000	0.0000	0.0000	0.0000	0.0000	0.0000
170.0000	3536914717.0000	8502.5488	-0.0157	-0.0026	1.1917	-0.6276	-0.0020	-0.0001	0.0145	-0.0762	0.0000	0.0000	0.0000	0.0000	0.0000	0.0000	0.0000	0.0000
171.0000	3536914717.0000	8549.2478	-0.0127	-0.0046	2.8940	1.5444	0.0040	-0.0001	-0.0494	-0.0106	0.0000	0.0000	0.0000	0.0000	0.0000	0.0000	0.0000	0.0000
172.0000	3536914718.0000	8599.2824	-0.0129	-0.0064	2.3848	-0.6687	-0.0021	-0.0001	0.1265	0.0421	0.0000	0.0000	0.0000	0.0000	0.0000	0.0000	0.0000	0.0000
173.0000	3536914719.0000	8649.3170	-0.0122	-0.0069	4.2710	0.0397	-0.0002	-0.0001	0.0954	0.1275	0.0000	0.0000	0.0000	0.0000	0.0000	0.0000	0.0000	0.0000
174.0000	3536914720.0000	8702.6872	-0.0151	-0.0055	1.0136	-0.4657	-0.0016	-0.0001	0.1753	0.0414	0.0000	0.0000	0.0000	0.0000	0.0000	0.0000	0.0000	0.0000
175.0000	3536914721.0000	8752.7219	-0.0145	-0.0018	1.3131	1.9201	0.0050	-0.0001	0.0680	-0.1111	0.0000	0.0000	0.0000	0.0000	0.0000	0.0000	0.0000	0.0000
176.0000	3536914722.0000	8799.4208	-0.0131	-0.0065	2.3573	0.6413	0.0015	-0.0001	-0.0329	0.0160	0.0000	0.0000	0.0000	0.0000	0.0000	0.0000	0.0000	0.0000
177.0000	3536914722.0000	8849.4554	-0.0142	-0.0050	1.0783	-0.0465	-0.0004	-0.0001	-0.0192	0.0012	0.0000	0.0000	0.0000	0.0000	0.0000	0.0000	0.0000	0.0000
178.0000	3536914723.0000	8902.8257	-0.0157	-0.0047	2.8238	1.3067	0.0033	-0.0001	0.0678	-0.0270	0.0000	0.0000	0.0000	0.0000	0.0000	0.0000	0.0000	0.0000
179.0000	3536914724.0000	8952.8603	-0.0135	-0.0036	3.6888	3.1898	0.0085	-0.0001	-0.1481	-0.0735	0.0000	0.0000	0.0000	0.0000	0.0000	0.0000	0.0000	0.0000
180.0000	3536914725.0000	9002.8949	-0.0139	-0.0069	1.7082	2.0410	0.0053	-0.0001	-0.0069	0.0387	0.0000	0.0000	0.0000	0.0000	0.0000	0.0000	0.0000	0.0000
181.0000	3536914726.0000	9049.5939	-0.0149	-0.0050	1.1595	1.6076	0.0041	-0.0001	-0.1692	0.0315	0.0000	0.0000	0.0000	0.0000	0.0000	0.0000	0.0000	0.0000
182.0000	3536914727.0000	9099.6285	-0.0145	-0.0045	2.3961	-0.6520	-0.0021	-0.0001	-0.0374	-0.0426	0.0000	0.0000	0.0000	0.0000	0.0000	0.0000	0.0000	0.0000
183.0000	3536914727.0000	9152.9988	-0.0136	-0.0063	2.8540	0.6526	0.0015	-0.0001	0.0494	0.0512	0.0000	0.0000	0.0000	0.0000	0.0000	0.0000	0.0000	0.0000
184.0000	3536914728.0000	9203.0334	-0.0138	-0.0056	2.1315	2.3865	0.0063	-0.0001	-0.1102	-0.0755	0.0000	0.0000	0.0000	0.0000	0.0000	0.0000	0.0000	0.0000
185.0000	3536914729.0000	9249.7324	-0.0114	-0.0036	1.7378	0.6511	0.0015	-0.0001	-0.0124	-0.0026	0.0000	0.0000	0.0000	0.0000	0.0000	0.0000	0.0000	0.0000
186.0000	3536914730.0000	9303.1026	-0.0126	-0.0034	4.0001	0.9916	0.0024	-0.0001	0.1323	0.0491	0.0000	0.0000	0.0000	0.0000	0.0000	0.0000	0.0000	0.0000
187.0000	3536914731.0000	9353.1372	-0.0136	-0.0024	0.8247	1.2489	0.0031	-0.0001	-0.0587	0.0599	0.0000	0.0000	0.0000	0.0000	0.0000	0.0000	0.0000	0.0000
188.0000	3536914732.0000	9399.8362	-0.0133	-0.0058	4.6952	0.2548	0.0004	-0.0001	0.0385	0.0262	0.0000	0.0000	0.0000	0.0000	0.0000	0.0000	0.0000	0.0000
189.0000	3536914733.0000	9449.8708	-0.0154	-0.0046	0.6003	2.6467	0.0070	-0.0001	0.0335	-0.1396	0.0000	0.0000	0.0000	0.0000	0.0000	0.0000	0.0000	0.0000
190.0000	3536914733.0000	9499.9054	-0.0145	-0.0048	2.7620	1.3321	0.0034	-0.0001	-0.0463	0.0573	0.0000	0.0000	0.0000	0.0000	0.0000	0.0000	0.0000	0.0000
191.0000	3536914734.0000	9549.9400	-0.0126	-0.0031	1.2080	1.9424	0.0050	-0.0001	0.1308	-0.0584	0.0000	0.0000	0.0000	0.0000	0.0000	0.0000	0.0000	0.0000
192.0000	3536914735.0000	9599.9747	-0.0130	-0.0044	0.0778	3.7241	0.0100	-0.0000	-0.1169	-0.0095	0.0000	0.0000	0.0000	0.0000	0.0000	0.0000	0.0000	0.0000
193.0000	3536914736.0000	9650.0093	-0.0140	-0.0061	0.8565	-0.0838	-0.0005	-0.0001	0.0339	-0.1149	0.0000	0.0000	0.0000	0.0000	0.0000	0.0000	0.0000	0.0000
194.0000	3536914737.0000	9700.0439	-0.0140	-0.0030	2.4789	1.9217	0.0050	-0.0001	-0.2199	0.0083	0.0000	0.0000	0.0000	0.0000	0.0000	0.0000	0.0000	0.0000
195.0000	3536914738.0000	9750.0785	-0.0154	-0.0026	4.0607	2.6993	0.0071	-0.0001	0.1849	0.0144	0.0000	0.0000	0.0000	0.0000	0.0000	0.0000	0.0000	0.0000
196.0000	3536914738.0000	9803.4488	-0.0133	-0.0042	1.9277	4.3985	0.0118	-0.0001	-0.0011	-0.0819	0.0000	0.0000	0.0000	0.0000	0.0000	0.0000	0.0000	0.0000
197.0000	3536914739.0000	9853.4834	-0.0153	-0.0074	2.0310	0.8281	0.0020	-0.0001	-0.0123	-0.1117	0.0000	0.0000	0.0000	0.0000	0.0000	0.0000	0.0000	0.0000
198.0000	3536914740.0000	9903.5180	-0.0148	-0.0065	-0.7568	1.2640	0.0032	-0.0001	-0.0453	-0.0255	0.0000	0.0000	0.0000	0.0000	0.0000	0.0000	0.0000	0.0000
199.0000	3536914741.0000	9953.5526	-0.0138	-0.0035	1.1453	2.5916	0.0068	-0.0001	-0.0786	-0.1021	0.0000	0.0000	0.0000	0.0000	0.0000	0.0000	0.0000	0.0000
200.0000	3536914742.0000	10000.2516	-0.0130	-0.0037	0.8693	1.7330	0.0045	-0.0001	0.0888	0.0779	0.0000	0.0000	0.0000	0.0000	0.0000	0.0000	0.0000	0.0000
201.0000	3536914743.0000	10053.6218	-0.0128	-0.0062	2.9455	1.8987	0.0049	-0.0001	0.0688	-0.0686	0.0000	0.0000	0.0000	0.0000	0.0000	0.0000	0.0000	0.0000
202.0000	3536914743.0000	10100.3208	-0.0138	-0.0048	0.7167	3.0326	0.0080	-0.0001	-0.1005	0.0018	0.0000	0.0000	0.0000	0.0000	0.0000	0.0000	0.0000	0.0000
203.0000	3536914744.0000	10150.3554	-0.0150	-0.0026	1.7846	3.2716	0.0087	-0.0001	0.0273	-0.0861	0.0000	0.0000	0.0000	0.0000	0.0000	0.0000	0.0000	0.0000
204.0000	3536914745.0000	10200.3900	-0.0107	-0.0034	1.0165	2.8742	0.0076	-0.0001	0.0541	-0.0284	0.0000	0.0000	0.0000	0.0000	0.0000	0.0000	0.0000	0.0000
205.0000	3536914746.0000	10250.4246	-0.0149	-0.0061	1.1078	4.7316	0.0127	-0.0001	-0.1502	-0.0174	0.0000	0.0000	0.0000	0.0000	0.0000	0.0000	0.0000	0.0000
206.0000	3536914747.0000	10300.4593	-0.0136	-0.0074	1.5050	0.5698	0.0013	-0.0001	-0.1581	-0.0251	0.0000	0.0000	0.0000	0.0000	0.0000	0.0000	0.0000	0.0000
207.0000	3536914748.0000	10350.4939	-0.0147	-0.0042	1.9341	2.0631	0.0054	-0.0001	-0.0444	-0.0590	0.0000	0.0000	0.0000	0.0000	0.0000	0.0000	0.0000	0.0000
208.0000	3536914748.0000	10403.8641	-0.0125	-0.0024	0.2469	2.0820	0.0054	-0.0001	0.1804	-0.1649	0.0000	0.0000	0.0000	0.0000	0.0000	0.0000	0.0000	0.0000
209.0000	3536914749.0000	10453.8987	-0.0103	-0.0041	1.3438	2.3451	0.0061	-0.0001	-0.0180	-0.1071	0.0000	0.0000	0.0000	0.0000	0.0000	0.0000	0.0000	0.0000
210.0000	3536914750.0000	10503.9334	-0.0149	-0.0054	1.0589	2.1372	0.0056	-0.0001	-0.0100	-0.1365	0.0000	0.0000	0.0000	0.0000	0.0000	0.0000	0.0000	0.0000
211.0000	3536914751.0000	10550.6323	-0.0151	-0.0025	2.0678	4.2091	0.0113	-0.0001	0.2273	-0.0000	0.0000	0.0000	0.0000	0.0000	0.0000	0.0000	0.0000	0.0000
212.0000	3536914752.0000	10600.6669	-0.0136	-0.0029	0.0526	1.7736	0.0046	-0.0001	0.0915	0.0853	0.0000	0.0000	0.0000	0.0000	0.0000	0.0000	0.0000	0.0000
213.0000	3536914753.0000	10650.7016	-0.0122	-0.0035	-0.0324	3.2290	0.0086	-0.0001	-0.0234	0.0950	0.0000	0.0000	0.0000	0.0000	0.0000	0.0000	0.0000	0.0000
214.0000	3536914753.0000	10700.7362	-0.0144	-0.0012	0.7613	5.4453	0.0147	-0.0001	-0.0467	0.1497	0.0000	0.0000	0.0000	0.0000	0.0000	0.0000	0.0000	0.0000
215.0000	3536914754.0000	10754.1064	-0.0124	-0.0017	-0.7231	2.4544	0.0064	-0.0001	0.1056	-0.0522	0.0000	0.0000	0.0000	0.0000	0.0000	0.0000	0.0000	0.0000
216.0000	3536914755.0000	10804.1410	-0.0159	-0.0008	-0.2859	1.9212	0.0050	-0.0001	0.0103	-0.0972	0.0000	0.0000	0.0000	0.0000	0.0000	0.0000	0.0000	0.0000
217.0000	3536914756.0000	10850.8400	-0.0137	-0.0008	0.8358	1.6776	0.0043	-0.0001	-0.1168	-0.0448	0.0000	0.0000	0.0000	0.0000	0.0000	0.0000	0.0000	0.0000
218.0000	3536914757.0000	10900.8746	-0.0162	-0.0016	1.0435	1.7105	0.0044	-0.0001	0.0038	-0.1390	0.0000	0.0000	0.0000	0.0000	0.0000	0.0000	0.0000	0.0000
219.0000	3536914758.0000	10950.9092	-0.0200	0.0001	1.2324	2.9575	0.0078	-0.0001	-0.0730	-0.0021	0.0000	0.0000	0.0000	0.0000	0.0000	0.0000	0.0000	0.0000
220.0000	3536914758.0000	11004.2795	-0.0210	0.0015	-0.3039	2.6082	0.0069	-0.0001	-0.0037	-0.0681	0.0000	0.0000	0.0000	0.0000	0.0000	0.0000	0.0000	0.0000
221.0000	3536914759.0000	11050.9785	-0.0267	0.0026	1.7317	3.5239	0.0094	-0.0001	0.0301	0.0222	0.0000	0.0000	0.0000	0.0000	0.0000	0.0000	0.0000	0.0000
222.0000	3536914760.0000	11104.3487	-0.0325	0.0025	0.2378	3.3972	0.0090	-0.0001	0.0195	0.0238	0.0000	0.0000	0.0000	0.0000	0.0000	0.0000	0.0000	0.0000
223.0000	3536914761.0000	11154.3833	-0.0375	0.0020	-0.9494	3.9927	0.0107	-0.0001	-0.0696	0.0699	0.0000	0.0000	0.0000	0.0000	0.0000	0.0000	0.0000	0.0000
224.0000	3536914762.0000	11201.0823	-0.0436	0.0013	0.4118	3.5163	0.0094	-0.0001	0.0481	-0.0738	0.0000	0.0000	0.0000	0.0000	0.0000	0.0000	0.0000	0.0000
225.0000	3536914763.0000	11254.4526	-0.0423	-0.0016	0.9468	2.6450	0.0070	-0.0001	0.2272	0.0668	0.0000	0.0000	0.0000	0.0000	0.0000	0.0000	0.0000	0.0000
226.0000	3536914763.0000	11304.4872	-0.0404	-0.0069	1.3611	1.1358	0.0029	-0.0001	0.0480	-0.0946	0.0000	0.0000	0.0000	0.0000	0.0000	0.0000	0.0000	0.0000
227.0000	3536914764.0000	11351.1862	-0.0348	-0.0036	-1.3063	3.7627	0.0100	-0.0001	-0.0746	-0.0018	0.0000	0.0000	0.0000	0.0000	0.0000	0.0000	0.0000	0.0000
228.0000	3536914765.0000	11401.2208	-0.0298	-0.0055	-0.7378	1.9387	0.0050	-0.0001	-0.0285	-0.0665	0.0000	0.0000	0.0000	0.0000	0.0000	0.0000	0.0000	0.0000
229.0000	3536914766.0000	11451.2554	-0.0246	-0.0065	-2.3145	2.7291	0.0072	-0.0001	0.0736	-0.0726	0.0000	0.0000	0.0000	0.0000	0.0000	0.0000	0.0000	0.0000
230.0000	3536914767.0000	11504.6256	-0.0198	-0.0065	-0.6750	2.0188	0.0053	-0.0001	-0.1628	-0.1037	0.0000	0.0000	0.0000	0.0000	0.0000	0.0000	0.0000	0.0000
231.0000	3536914768.0000	11551.3246	-0.0153	-0.0072	-0.7185	2.3026	0.0060	-0.0001	-0.1059	0.0572	0.0000	0.0000	0.0000	0.0000	0.0000	0.0000	0.0000	0.0000
232.0000	3536914768.0000	11601.3592	-0.0192	-0.0056	-0.4117	2.1076	0.0055	-0.0001	0.0631	-0.0565	0.0000	0.0000	0.0000	0.0000	0.0000	0.0000	0.0000	0.0000
233.0000	3536914769.0000	11654.7295	-0.0153	-0.0052	-2.4855	2.7267	0.0072	-0.0001	-0.0109	-0.0699	0.0000	0.0000	0.0000	0.0000	0.0000	0.0000	0.0000	0.0000
234.0000	3536914770.0000	11704.7641	-0.0142	-0.0083	0.6104	0.9381	0.0023	-0.0001	0.0333	-0.1776	0.0000	0.0000	0.0000	0.0000	0.0000	0.0000	0.0000	0.0000
235.0000	3536914771.0000	11751.4631	-0.0140	-0.0070	-1.3219	2.0741	0.0054	-0.0001	-0.0508	0.0514	0.0000	0.0000	0.0000	0.0000	0.0000	0.0000	0.0000	0.0000
236.0000	3536914772.0000	11801.4977	-0.0155	-0.0028	0.3285	3.7257	0.0099	-0.0001	0.1402	-0.2109	0.0000	0.0000	0.0000	0.0000	0.0000	0.0000	0.0000	0.0000
237.0000	3536914773.0000	11854.8679	-0.0142	-0.0053	-0.6341	1.2557	0.0032	-0.0001	0.1426	-0.0323	0.0000	0.0000	0.0000	0.0000	0.0000	0.0000	0.0000	0.0000
238.0000	3536914773.0000	11904.9026	-0.0126	-0.0040	-0.4713	1.8097	0.0047	-0.0001	0.0484	0.0139	0.0000	0.0000	0.0000	0.0000	0.0000	0.0000	0.0000	0.0000
239.0000	3536914774.0000	11954.9372	-0.0133	-0.0046	-2.3364	2.6621	0.0070	-0.0001	-0.0605	-0.0154	0.0000	0.0000	0.0000	0.0000	0.0000	0.0000	0.0000	0.0000
240.0000	3536914775.0000	12004.9718	-0.0146	-0.0051	-0.9526	3.9673	0.0106	-0.0001	0.0370	0.0481	0.0000	0.0000	0.0000	0.0000	0.0000	0.0000	0.0000	0.0000
241.0000	3536914776.0000	12055.0064	-0.0150	-0.0036	-0.4024	1.9998	0.0052	-0.0001	0.0156	-0.0724	0.0000	0.0000	0.0000	0.0000	0.0000	0.0000	0.0000	0.0000
242.0000	3536914777.0000	12101.7054	-0.0135	-0.0029	-3.7390	1.3589	0.0035	-0.0001	0.1465	-0.0233	0.0000	0.0000	0.0000	0.0000	0.0000	0.0000	0.0000	0.0000
243.0000	3536914778.0000	12151.7400	-0.0142	-0.0053	-0.5471	2.2446	0.0059	-0.0001	0.1877	0.2027	0.0000	0.0000	0.0000	0.0000	0.0000	0.0000	0.0000	0.0000
244.0000	3536914778.0000	12208.4459	-0.0168	-0.0055	-0.3351	2.3536	0.0062	-0.0001	-0.0991	-0.0350	0.0000	0.0000	0.0000	0.0000	0.0000	0.0000	0.0000	0.0000
245.0000	3536914779.0000	12255.1449	-0.0136	-0.0048	-1.2370	3.3930	0.0090	-0.0001	-0.1155	0.1251	0.0000	0.0000	0.0000	0.0000	0.0000	0.0000	0.0000	0.0000
246.0000	3536914780.0000	12301.8438	-0.0144	-0.0050	-1.5116	0.4169	0.0009	-0.0001	0.0937	0.0437	0.0000	0.0000	0.0000	0.0000	0.0000	0.0000	0.0000	0.0000
247.0000	3536914781.0000	12355.2141	-0.0139	-0.0047	-2.2381	4.8012	0.0129	-0.0000	-0.0289	-0.0385	0.0000	0.0000	0.0000	0.0000	0.0000	0.0000	0.0000	0.0000
248.0000	3536914782.0000	12405.2487	-0.0147	-0.0049	-2.0325	2.8776	0.0076	-0.0001	-0.1352	-0.0285	0.0000	0.0000	0.0000	0.0000	0.0000	0.0000	0.0000	0.0000
249.0000	3536914783.0000	12455.2833	-0.0161	-0.0037	-2.2091	0.8814	0.0022	-0.0001	0.1493	-0.0855	0.0000	0.0000	0.0000	0.0000	0.0000	0.0000	0.0000	0.0000
250.0000	3536914783.0000	12501.9823	-0.0136	-0.0022	-2.1019	2.9762	0.0079	-0.0001	0.0125	0.1268	0.0000	0.0000	0.0000	0.0000	0.0000	0.0000	0.0000	0.0000
251.0000	3536914784.0000	12552.0169	-0.0112	-0.0040	-2.5933	3.0250	0.0080	-0.0001	0.1134	-0.0790	0.0000	0.0000	0.0000	0.0000	0.0000	0.0000	0.0000	0.0000
252.0000	3536914785.0000	12598.7159	-0.0139	-0.0048	-1.9455	2.9618	0.0079	-0.0000	-0.0321	0.1041	0.0000	0.0000	0.0000	0.0000	0.0000	0.0000	0.0000	0.0000
253.0000	3536914786.0000	12648.7505	-0.0129	-0.0055	-1.5740	1.3015	0.0033	-0.0001	0.3485	0.0941	0.0000	0.0000	0.0000	0.0000	0.0000	0.0000	0.0000	0.0000
254.0000	3536914787.0000	12705.4564	-0.0164	-0.0038	-1.5900	0.3806	0.0008	-0.0001	0.0072	0.0707	0.0000	0.0000	0.0000	0.0000	0.0000	0.0000	0.0000	0.0000
255.0000	3536914788.0000	12752.1554	-0.0136	-0.0043	-5.5613	2.5668	0.0068	-0.0001	0.0211	0.1000	0.0000	0.0000	0.0000	0.0000	0.0000	0.0000	0.0000	0.0000
256.0000	3536914788.0000	12802.1900	-0.0108	-0.0053	-3.4318	0.3706	0.0007	-0.0001	0.1187	-0.0069	0.0000	0.0000	0.0000	0.0000	0.0000	0.0000	0.0000	0.0000
257.0000	3536914789.0000	12852.2246	-0.0146	-0.0038	-2.9701	0.5773	0.0013	-0.0001	0.0633	-0.0345	0.0000	0.0000	0.0000	0.0000	0.0000	0.0000	0.0000	0.0000
258.0000	3536914790.0000	12902.2592	-0.0162	-0.0056	-3.3974	1.8072	0.0047	-0.0001	-0.1880	-0.0943	0.0000	0.0000	0.0000	0.0000	0.0000	0.0000	0.0000	0.0000
259.0000	3536914791.0000	12952.2938	-0.0151	-0.0035	-2.1218	0.9497	0.0023	-0.0001	-0.0621	-0.0478	0.0000	0.0000	0.0000	0.0000	0.0000	0.0000	0.0000	0.0000
260.0000	3536914792.0000	13002.3284	-0.0141	-0.0039	-1.9698	1.1998	0.0030	-0.0001	0.0205	-0.1647	0.0000	0.0000	0.0000	0.0000	0.0000	0.0000	0.0000	0.0000
261.0000	3536914793.0000	13052.3630	-0.0136	-0.0046	-2.6007	-0.3105	-0.0011	-0.0001	-0.1464	0.1816	0.0000	0.0000	0.0000	0.0000	0.0000	0.0000	0.0000	0.0000
262.0000	3536914793.0000	13099.0620	-0.0128	-0.0036	-3.1460	0.9035	0.0022	-0.0001	0.0226	-0.1565	0.0000	0.0000	0.0000	0.0000	0.0000	0.0000	0.0000	0.0000
263.0000	3536914794.0000	13152.4323	-0.0155	-0.0038	-1.6341	3.0083	0.0080	-0.0000	0.0230	-0.0586	0.0000	0.0000	0.0000	0.0000	0.0000	0.0000	0.0000	0.0000
264.0000	3536914795.0000	13202.4669	-0.0119	-0.0050	-0.5757	2.5220	0.0067	-0.0000	0.0903	-0.0164	0.0000	0.0000	0.0000	0.0000	0.0000	0.0000	0.0000	0.0000
265.0000	3536914796.0000	13249.1659	-0.0151	-0.0055	-2.2170	-0.7773	-0.0024	-0.0001	0.0654	-0.1282	0.0000	0.0000	0.0000	0.0000	0.0000	0.0000	0.0000	0.0000
266.0000	3536914797.0000	13299.2005	-0.0109	-0.0044	-0.7865	0.7285	0.0017	-0.0001	-0.0302	-0.0224	0.0000	0.0000	0.0000	0.0000	0.0000	0.0000	0.0000	0.0000
267.0000	3536914798.0000	13352.5707	-0.0135	-0.0028	-4.0291	1.4718	0.0038	-0.0001	0.1188	0.0626	0.0000	0.0000	0.0000	0.0000	0.0000	0.0000	0.0000	0.0000
268.0000	3536914798.0000	13402.6053	-0.0123	-0.0030	-2.7520	1.5205	0.0039	-0.0001	0.0359	0.1112	0.0000	0.0000	0.0000	0.0000	0.0000	0.0000	0.0000	0.0000
269.0000	3536914799.0000	13452.6400	-0.0158	-0.0047	-2.0917	-1.5861	-0.0046	-0.0001	-0.0201	-0.0434	0.0000	0.0000	0.0000	0.0000	0.0000	0.0000	0.0000	0.0000
270.0000	3536914800.0000	13502.6746	-0.0165	-0.0049	-3.1149	-1.0586	-0.0032	-0.0001	0.0896	0.1360	0.0000	0.0000	0.0000	0.0000	0.0000	0.0000	0.0000	0.0000
271.0000	3536914801.0000	13549.3735	-0.0148	-0.0040	-3.6489	0.0990	0.0000	-0.0001	-0.1296	-0.0926	0.0000	0.0000	0.0000	0.0000	0.0000	0.0000	0.0000	0.0000
272.0000	3536914802.0000	13599.4082	-0.0131	-0.0039	-2.4219	-1.0950	-0.0032	-0.0001	-0.1068	0.0495	0.0000	0.0000	0.0000	0.0000	0.0000	0.0000	0.0000	0.0000
273.0000	3536914803.0000	13649.4428	-0.0143	-0.0026	-2.0508	2.0526	0.0054	-0.0000	0.0009	0.2276	0.0000	0.0000	0.0000	0.0000	0.0000	0.0000	0.0000	0.0000
274.0000	3536914804.0000	13699.4774	-0.0140	-0.0056	-2.1778	0.3723	0.0008	-0.0001	0.0249	-0.1312	0.0000	0.0000	0.0000	0.0000	0.0000	0.0000	0.0000	0.0000
275.0000	3536914804.0000	13749.5120	-0.0135	-0.0026	-0.9048	1.0004	0.0025	-0.0001	0.0478	0.0733	0.0000	0.0000	0.0000	0.0000	0.0000	0.0000	0.0000	0.0000
276.0000	3536914805.0000	13802.8823	-0.0126	-0.0039	-4.4265	1.0805	0.0027	-0.0000	0.0599	0.0266	0.0000	0.0000	0.0000	0.0000	0.0000	0.0000	0.0000	0.0000
277.0000	3536914806.0000	13852.9169	-0.0108	-0.0055	-1.0347	-3.0015	-0.0085	-0.0001	-0.0579	0.1040	0.0000	0.0000	0.0000	0.0000	0.0000	0.0000	0.0000	0.0000
278.0000	3536914807.0000	13902.9515	-0.0146	-0.0034	-2.3737	-0.3858	-0.0013	-0.0001	-0.0673	0.0427	0.0000	0.0000	0.0000	0.0000	0.0000	0.0000	0.0000	0.0000
279.0000	3536914808.0000	13952.9861	-0.0151	-0.0021	-0.6965	2.5855	0.0068	-0.0001	0.0845	-0.0225	0.0000	0.0000	0.0000	0.0000	0.0000	0.0000	0.0000	0.0000
280.0000	3536914809.0000	13999.6851	-0.0133	-0.0024	-2.7216	1.1218	0.0028	-0.0001	0.1759	0.0186	0.0000	0.0000	0.0000	0.0000	0.0000	0.0000	0.0000	0.0000
281.0000	3536914809.0000	14053.0553	-0.0125	-0.0056	-1.7889	0.2830	0.0005	-0.0001	-0.0251	0.0379	0.0000	0.0000	0.0000	0.0000	0.0000	0.0000	0.0000	0.0000
282.0000	3536914810.0000	14103.0899	-0.0151	-0.0051	-2.1870	-1.2375	-0.0036	-0.0001	0.0151	-0.0784	0.0000	0.0000	0.0000	0.0000	0.0000	0.0000	0.0000	0.0000
283.0000	3536914811.0000	14153.1246	-0.0148	-0.0051	-4.2632	0.6184	0.0014	-0.0001	-0.0297	-0.0783	0.0000	0.0000	0.0000	0.0000	0.0000	0.0000	0.0000	0.0000
284.0000	3536914812.0000	14199.8235	-0.0128	-0.0029	-3.4056	-1.7232	-0.0050	-0.0001	-0.0839	-0.1284	0.0000	0.0000	0.0000	0.0000	0.0000	0.0000	0.0000	0.0000
285.0000	3536914813.0000	14249.8581	-0.0144	-0.0046	-0.4738	-0.3928	-0.0013	-0.0001	0.0675	-0.0461	0.0000	0.0000	0.0000	0.0000	0.0000	0.0000	0.0000	0.0000
286.0000	3536914814.0000	14303.2284	-0.0150	-0.0054	-3.7518	-1.4745	-0.0043	-0.0001	-0.0809	-0.2560	0.0000	0.0000	0.0000	0.0000	0.0000	0.0000	0.0000	0.0000
287.0000	3536914814.0000	14353.2630	-0.0148	-0.0051	-2.3144	-0.9830	-0.0029	-0.0001	-0.0888	0.1340	0.0000	0.0000	0.0000	0.0000	0.0000	0.0000	0.0000	0.0000
288.0000	3536914815.0000	14403.2976	-0.0139	-0.0026	-3.4869	0.2415	0.0004	-0.0001	-0.0904	0.0218	0.0000	0.0000	0.0000	0.0000	0.0000	0.0000	0.0000	0.0000
289.0000	3536914816.0000	14453.3322	-0.0143	-0.0048	-2.7371	0.7470	0.0018	-0.0000	-0.1221	-0.1070	0.0000	0.0000	0.0000	0.0000	0.0000	0.0000	0.0000	0.0000
290.0000	3536914817.0000	14500.0312	-0.0122	-0.0049	-1.8548	0.0411	-0.0001	-0.0001	-0.2106	0.0064	0.0000	0.0000	0.0000	0.0000	0.0000	0.0000	0.0000	0.0000
291.0000	3536914818.0000	14553.4015	-0.0135	-0.0052	-4.7794	-0.4256	-0.0014	-0.0001	-0.0504	0.1064	0.0000	0.0000	0.0000	0.0000	0.0000	0.0000	0.0000	0.0000
292.0000	3536914819.0000	14603.4361	-0.0155	-0.0045	-2.9194	-0.2825	-0.0010	-0.0001	-0.0037	-0.0298	0.0000	0.0000	0.0000	0.0000	0.0000	0.0000	0.0000	0.0000
293.0000	3536914819.0000	14653.4707	-0.0126	-0.0031	-0.7839	-4.0738	-0.0114	-0.0001	0.0157	0.0514	0.0000	0.0000	0.0000	0.0000	0.0000	0.0000	0.0000	0.0000
294.0000	3536914820.0000	14700.1697	-0.0137	-0.0046	-2.9496	-1.8121	-0.0052	-0.0001	-0.0442	-0.1751	0.0000	0.0000	0.0000	0.0000	0.0000	0.0000	0.0000	0.0000
295.0000	3536914821.0000	14750.2043	-0.0144	-0.0036	-0.7253	-0.0581	-0.0004	-0.0001	0.0856	-0.0194	0.0000	0.0000	0.0000	0.0000	0.0000	0.0000	0.0000	0.0000
296.0000	3536914822.0000	14800.2389	-0.0140	-0.0041	-2.3785	-3.0364	-0.0086	-0.0001	0.0277	0.0629	0.0000	0.0000	0.0000	0.0000	0.0000	0.0000	0.0000	0.0000
297.0000	3536914823.0000	14853.6092	-0.0127	-0.0048	-3.1631	0.0365	-0.0002	-0.0001	0.0412	-0.0320	0.0000	0.0000	0.0000	0.0000	0.0000	0.0000	0.0000	0.0000
298.0000	3536914824.0000	14903.6438	-0.0141	-0.0032	-2.1952	-2.5025	-0.0071	-0.0001	0.0653	0.0807	0.0000	0.0000	0.0000	0.0000	0.0000	0.0000	0.0000	0.0000
299.0000	3536914824.0000	14953.6784	-0.0137	-0.0040	-2.3161	-0.9942	-0.0030	-0.0001	-0.1203	-0.1517	0.0000	0.0000	0.0000	0.0000	0.0000	0.0000	0.0000	0.0000
300.0000	3536914825.0000	15000.3774	-0.0167	-0.0052	-1.1927	-2.4542	-0.0070	-0.0001	0.0267	-0.0633	0.0000	0.0000	0.0000	0.0000	0.0000	0.0000	0.0000	0.0000
301.0000	3536914826.0000	15050.4120	-0.0126	-0.0035	-1.6389	-0.2314	-0.0009	-0.0001	0.0267	-0.1285	0.0000	0.0000	0.0000	0.0000	0.0000	0.0000	0.0000	0.0000
302.0000	3536914827.0000	15103.7822	-0.0123	-0.0067	-0.2836	-0.5788	-0.0018	-0.0001	0.0512	-0.0271	0.0000	0.0000	0.0000	0.0000	0.0000	0.0000	0.0000	0.0000
303.0000	3536914828.0000	15150.4812	-0.0126	-0.0041	-1.3082	-3.0190	-0.0085	-0.0001	-0.0181	0.1485	0.0000	0.0000	0.0000	0.0000	0.0000	0.0000	0.0000	0.0000
304.0000	3536914829.0000	15200.5158	-0.0134	-0.0024	-2.0274	-1.8373	-0.0053	-0.0001	-0.1540	0.0767	0.0000	0.0000	0.0000	0.0000	0.0000	0.0000	0.0000	0.0000
305.0000	3536914829.0000	15253.8861	-0.0144	-0.0045	-3.0043	-2.3090	-0.0066	-0.0001	-0.1128	0.0780	0.0000	0.0000	0.0000	0.0000	0.0000	0.0000	0.0000	0.0000
306.0000	3536914830.0000	15303.9207	-0.0116	-0.0052	-2.0319	-1.4381	-0.0042	-0.0001	-0.0308	-0.0075	0.0000	0.0000	0.0000	0.0000	0.0000	0.0000	0.0000	0.0000
307.0000	3536914831.0000	15353.9553	-0.0137	-0.0048	-2.3720	-2.2762	-0.0065	-0.0001	0.0518	-0.0896	0.0000	0.0000	0.0000	0.0000	0.0000	0.0000	0.0000	0.0000
308.0000	3536914832.0000	15403.9899	-0.0156	-0.0050	-3.3416	-0.9282	-0.0028	-0.0001	0.1006	0.2580	0.0000	0.0000	0.0000	0.0000	0.0000	0.0000	0.0000	0.0000
309.0000	3536914833.0000	15454.0245	-0.0138	-0.0029	-3.3657	-3.3034	-0.0093	-0.0001	0.0174	0.0077	0.0000	0.0000	0.0000	0.0000	0.0000	0.0000	0.0000	0.0000
310.0000	3536914834.0000	15504.0591	-0.0169	-0.0020	-2.0324	-3.2825	-0.0093	-0.0001	-0.0557	-0.0246	0.0000	0.0000	0.0000	0.0000	0.0000	0.0000	0.0000	0.0000
311.0000	3536914834.0000	15554.0938	-0.0119	-0.0048	-1.7133	-1.5611	-0.0046	-0.0001	-0.0245	-0.0283	0.0000	0.0000	0.0000	0.0000	0.0000	0.0000	0.0000	0.0000
312.0000	3536914835.0000	15600.7927	-0.0133	-0.0053	-0.4282	-3.4508	-0.0097	-0.0001	0.0690	-0.1096	0.0000	0.0000	0.0000	0.0000	0.0000	0.0000	0.0000	0.0000
313.0000	3536914836.0000	15650.8273	-0.0140	-0.0039	-1.5906	-2.2480	-0.0064	-0.0001	0.1954	-0.0087	0.0000	0.0000	0.0000	0.0000	0.0000	0.0000	0.0000	0.0000
314.0000	3536914837.0000	15700.8620	-0.0138	-0.0046	-1.5060	-0.7055	-0.0022	-0.0001	-0.1396	0.0019	0.0000	0.0000	0.0000	0.0000	0.0000	0.0000	0.0000	0.0000
315.0000	3536914838.0000	15754.2322	-0.0136	-0.0051	-0.0538	-4.2266	-0.0119	-0.0001	-0.0339	0.0234	0.0000	0.0000	0.0000	0.0000	0.0000	0.0000	0.0000	0.0000
316.0000	3536914839.0000	15804.2668	-0.0144	-0.0033	-1.5399	-4.4997	-0.0126	-0.0001	0.0647	0.0667	0.0000	0.0000	0.0000	0.0000	0.0000	0.0000	0.0000	0.0000
317.0000	3536914839.0000	15854.3014	-0.0152	-0.0031	-1.4960	-3.1259	-0.0088	-0.0001	0.0250	0.1140	0.0000	0.0000	0.0000	0.0000	0.0000	0.0000	0.0000	0.0000
318.0000	3536914840.0000	15901.0004	-0.0136	-0.0030	-1.3860	-1.7602	-0.0051	-0.0001	-0.0340	0.3592	0.0000	0.0000	0.0000	0.0000	0.0000	0.0000	0.0000	0.0000
319.0000	3536914841.0000	15951.0350	-0.0135	-0.0030	-0.0364	-2.2690	-0.0065	-0.0001	0.0208	0.1787	0.0000	0.0000	0.0000	0.0000	0.0000	0.0000	0.0000	0.0000
320.0000	3536914842.0000	16001.0696	-0.0147	-0.0034	-1.0949	-2.1452	-0.0061	-0.0001	-0.1528	0.0106	0.0000	0.0000	0.0000	0.0000	0.0000	0.0000	0.0000	0.0000
321.0000	3536914843.0000	16054.4399	-0.0160	-0.0040	-1.0290	-1.5023	-0.0044	-0.0001	0.1231	0.0256	0.0000	0.0000	0.0000	0.0000	0.0000	0.0000	0.0000	0.0000
322.0000	3536914844.0000	16104.4745	-0.0124	-0.0029	-1.6169	-3.4050	-0.0096	-0.0001	-0.0594	-0.0939	0.0000	0.0000	0.0000	0.0000	0.0000	0.0000	0.0000	0.0000
323.0000	3536914844.0000	16151.1735	-0.0130	-0.0033	-0.0762	-2.1037	-0.0060	-0.0001	0.2039	0.1596	0.0000	0.0000	0.0000	0.0000	0.0000	0.0000	0.0000	0.0000
324.0000	3536914845.0000	16204.5437	-0.0155	-0.0054	-0.0971	-5.5093	-0.0154	-0.0001	0.0799	-0.0535	0.0000	0.0000	0.0000	0.0000	0.0000	0.0000	0.0000	0.0000
325.0000	3536914846.0000	16251.2427	-0.0135	-0.0047	-1.3225	-3.1359	-0.0089	-0.0001	-0.1493	-0.0536	0.0000	0.0000	0.0000	0.0000	0.0000	0.0000	0.0000	0.0000
326.0000	3536914847.0000	16301.2773	-0.0141	-0.0029	-1.1452	-2.3958	-0.0068	-0.0001	-0.0967	-0.1551	0.0000	0.0000	0.0000	0.0000	0.0000	0.0000	0.0000	0.0000
327.0000	3536914848.0000	16354.6476	-0.0120	-0.0039	-0.6060	-2.4584	-0.0070	-0.0001	0.0703	-0.3124	0.0000	0.0000	0.0000	0.0000	0.0000	0.0000	0.0000	0.0000
328.0000	3536914849.0000	16404.6822	-0.0151	-0.0063	-0.8495	-3.3991	-0.0096	-0.0001	-0.0197	-0.0627	0.0000	0.0000	0.0000	0.0000	0.0000	0.0000	0.0000	0.0000
329.0000	3536914849.0000	16451.3812	-0.0133	-0.0048	1.4515	-2.6979	-0.0076	-0.0001	-0.1458	0.0925	0.0000	0.0000	0.0000	0.0000	0.0000	0.0000	0.0000	0.0000
330.0000	3536914850.0000	16504.7514	-0.0141	-0.0028	0.8793	-2.2910	-0.0066	-0.0001	0.0807	-0.0444	0.0000	0.0000	0.0000	0.0000	0.0000	0.0000	0.0000	0.0000
331.0000	3536914851.0000	16551.4504	-0.0138	-0.0033	-0.8385	-3.2605	-0.0092	-0.0001	0.1274	-0.1188	0.0000	0.0000	0.0000	0.0000	0.0000	0.0000	0.0000	0.0000
332.0000	3536914852.0000	16604.8207	-0.0130	-0.0076	1.9782	-3.6005	-0.0101	-0.0001	0.0320	-0.0499	0.0000	0.0000	0.0000	0.0000	0.0000	0.0000	0.0000	0.0000
333.0000	3536914853.0000	16651.5196	-0.0131	-0.0054	1.1170	-3.0192	-0.0085	-0.0001	0.0294	-0.0413	0.0000	0.0000	0.0000	0.0000	0.0000	0.0000	0.0000	0.0000
334.0000	3536914854.0000	16704.8899	-0.0138	-0.0053	-0.6191	-2.2630	-0.0065	-0.0001	0.1504	0.0303	0.0000	0.0000	0.0000	0.0000	0.0000	0.0000	0.0000	0.0000
335.0000	3536914854.0000	16751.5889	-0.0137	-0.0046	-0.4494	-2.8125	-0.0080	-0.0001	-0.1207	0.0276	0.0000	0.0000	0.0000	0.0000	0.0000	0.0000	0.0000	0.0000
336.0000	3536914855.0000	16801.6235	-0.0149	-0.0026	0.3655	-2.5640	-0.0073	-0.0001	0.0331	-0.0549	0.0000	0.0000	0.0000	0.0000	0.0000	0.0000	0.0000	0.0000
337.0000	3536914856.0000	16854.9937	-0.0137	-0.0045	0.1950	-2.9146	-0.0083	-0.0001	0.0332	0.1309	0.0000	0.0000	0.0000	0.0000	0.0000	0.0000	0.0000	0.0000
338.0000	3536914857.0000	16905.0283	-0.0136	-0.0034	-0.9458	-2.4800	-0.0071	-0.0001	0.0349	0.0196	0.0000	0.0000	0.0000	0.0000	0.0000	0.0000	0.0000	0.0000
339.0000	3536914858.0000	16955.0630	-0.0118	-0.0034	-1.8440	-4.9855	-0.0139	-0.0001	-0.0297	-0.0486	0.0000	0.0000	0.0000	0.0000	0.0000	0.0000	0.0000	0.0000
340.0000	3536914859.0000	17005.0976	-0.0121	-0.0042	1.8764	-0.5906	-0.0019	-0.0001	-0.1800	-0.1590	0.0000	0.0000	0.0000	0.0000	0.0000	0.0000	0.0000	0.0000
341.0000	3536914859.0000	17051.7965	-0.0160	-0.0046	-0.2127	-2.3443	-0.0067	-0.0001	0.0558	-0.0488	0.0000	0.0000	0.0000	0.0000	0.0000	0.0000	0.0000	0.0000
342.0000	3536914860.0000	17101.8312	-0.0146	-0.0053	-0.9231	-1.4923	-0.0043	-0.0001	0.0650	0.0177	0.0000	0.0000	0.0000	0.0000	0.0000	0.0000	0.0000	0.0000
343.0000	3536914861.0000	17151.8658	-0.0136	-0.0035	0.7602	-4.2350	-0.0119	-0.0001	0.1595	0.0665	0.0000	0.0000	0.0000	0.0000	0.0000	0.0000	0.0000	0.0000
344.0000	3536914862.0000	17205.2360	-0.0140	-0.0043	0.9853	-3.4856	-0.0098	-0.0001	0.0772	-0.0957	0.0000	0.0000	0.0000	0.0000	0.0000	0.0000	0.0000	0.0000
345.0000	3536914863.0000	17255.2706	-0.0161	-0.0057	-0.3507	-4.2536	-0.0120	-0.0001	0.1335	-0.0960	0.0000	0.0000	0.0000	0.0000	0.0000	0.0000	0.0000	0.0000
346.0000	3536914864.0000	17305.3053	-0.0141	-0.0042	0.9308	-1.4876	-0.0043	-0.0001	0.0634	-0.0868	0.0000	0.0000	0.0000	0.0000	0.0000	0.0000	0.0000	0.0000
347.0000	3536914865.0000	17352.0042	-0.0128	-0.0062	2.1030	-3.0494	-0.0086	-0.0001	0.1685	-0.1729	0.0000	0.0000	0.0000	0.0000	0.0000	0.0000	0.0000	0.0000
348.0000	3536914865.0000	17408.7101	-0.0142	-0.0045	1.1586	-3.3349	-0.0094	-0.0001	-0.0244	-0.0093	0.0000	0.0000	0.0000	0.0000	0.0000	0.0000	0.0000	0.0000
349.0000	3536914866.0000	17455.4091	-0.0148	-0.0050	0.2314	-0.4667	-0.0016	-0.0001	-0.0341	-0.1709	0.0000	0.0000	0.0000	0.0000	0.0000	0.0000	0.0000	0.0000
350.0000	3536914867.0000	17502.1081	-0.0147	-0.0061	-1.6152	-1.2037	-0.0036	-0.0001	-0.0358	0.1744	0.0000	0.0000	0.0000	0.0000	0.0000	0.0000	0.0000	0.0000
351.0000	3536914868.0000	17552.1427	-0.0148	-0.0058	2.4203	-1.1516	-0.0034	-0.0001	0.0105	-0.0258	0.0000	0.0000	0.0000	0.0000	0.0000	0.0000	0.0000	0.0000
352.0000	3536914869.0000	17602.1773	-0.0136	-0.0039	0.3712	-1.4284	-0.0042	-0.0001	-0.0912	0.0181	0.0000	0.0000	0.0000	0.0000	0.0000	0.0000	0.0000	0.0000
353.0000	3536914870.0000	17648.8763	-0.0131	-0.0058	1.0124	-1.1435	-0.0034	-0.0001	0.0989	-0.0643	0.0000	0.0000	0.0000	0.0000	0.0000	0.0000	0.0000	0.0000
354.0000	3536914870.0000	17698.9109	-0.0133	-0.0055	-0.4430	-2.0440	-0.0059	-0.0001	0.0526	0.0857	0.0000	0.0000	0.0000	0.0000	0.0000	0.0000	0.0000	0.0000
355.0000	3536914871.0000	17748.9455	-0.0137	-0.0037	1.9001	-1.3284	-0.0039	-0.0001	-0.0655	0.0967	0.0000	0.0000	0.0000	0.0000	0.0000	0.0000	0.0000	0.0000
356.0000	3536914872.0000	17802.3158	-0.0144	-0.0049	0.4886	-1.5731	-0.0046	-0.0001	-0.1603	-0.0398	0.0000	0.0000	0.0000	0.0000	0.0000	0.0000	0.0000	0.0000
357.0000	3536914873.0000	17852.3504	-0.0146	-0.0040	1.7809	-0.7279	-0.0023	-0.0001	-0.1828	0.2555	0.0000	0.0000	0.0000	0.0000	0.0000	0.0000	0.0000	0.0000
358.0000	3536914874.0000	17902.3850	-0.0150	-0.0052	2.0872	-0.6171	-0.0020	-0.0001	0.0409	-0.1548	0.0000	0.0000	0.0000	0.0000	0.0000	0.0000	0.0000	0.0000
359.0000	3536914875.0000	17949.0840	-0.0138	-0.0068	2.5474	-2.3880	-0.0068	-0.0001	0.0440	-0.1789	0.0000	0.0000	0.0000	0.0000	0.0000	0.0000	0.0000	0.0000
360.0000	3536914875.0000	18002.4542	-0.0124	-0.0045	-0.1310	-1.9273	-0.0055	-0.0001	-0.0021	-0.0372	0.0000	0.0000	0.0000	0.0000	0.0000	0.0000	0.0000	0.0000
361.0000	3536914876.0000	18052.4888	-0.0143	-0.0060	1.7697	-1.3623	-0.0040	-0.0001	-0.0745	-0.0208	0.0000	0.0000	0.0000	0.0000	0.0000	0.0000	0.0000	0.0000
362.0000	3536914877.0000	18099.1878	-0.0131	-0.0050	0.7310	0.0037	-0.0003	-0.0001	0.0480	-0.0222	0.0000	0.0000	0.0000	0.0000	0.0000	0.0000	0.0000	0.0000
363.0000	3536914878.0000	18152.5581	-0.0170	-0.0027	1.3456	-2.0682	-0.0059	-0.0001	0.0770	-0.0512	0.0000	0.0000	0.0000	0.0000	0.0000	0.0000	0.0000	0.0000
364.0000	3536914879.0000	18199.2570	-0.0141	-0.0054	3.9873	-0.4953	-0.0016	-0.0001	-0.0479	-0.0020	0.0000	0.0000	0.0000	0.0000	0.0000	0.0000	0.0000	0.0000
365.0000	3536914880.0000	18249.2916	-0.0153	-0.0040	2.4491	-2.2497	-0.0064	-0.0001	-0.1061	-0.0632	0.0000	0.0000	0.0000	0.0000	0.0000	0.0000	0.0000	0.0000
366.0000	3536914880.0000	18299.3263	-0.0139	-0.0051	3.1303	-1.0148	-0.0030	-0.0001	-0.0586	0.2283	0.0000	0.0000	0.0000	0.0000	0.0000	0.0000	0.0000	0.0000
367.0000	3536914881.0000	18349.3609	-0.0149	-0.0029	1.0827	-2.2983	-0.0066	-0.0001	0.0754	0.1146	0.0000	0.0000	0.0000	0.0000	0.0000	0.0000	0.0000	0.0000
368.0000	3536914882.0000	18399.3955	-0.0109	-0.0047	2.8040	-0.5519	-0.0018	-0.0001	-0.1032	0.0257	0.0000	0.0000	0.0000	0.0000	0.0000	0.0000	0.0000	0.0000
369.0000	3536914883.0000	18449.4301	-0.0122	-0.0047	3.3759	-3.2464	-0.0092	-0.0001	0.1743	-0.0005	0.0000	0.0000	0.0000	0.0000	0.0000	0.0000	0.0000	0.0000
370.0000	3536914884.0000	18499.4647	-0.0130	-0.0037	0.9133	-1.4810	-0.0043	-0.0001	0.0183	-0.1397	0.0000	0.0000	0.0000	0.0000	0.0000	0.0000	0.0000	0.0000
371.0000	3536914885.0000	18549.4993	-0.0156	-0.0035	2.1424	-1.2496	-0.0037	-0.0001	0.0289	0.0173	0.0000	0.0000	0.0000	0.0000	0.0000	0.0000	0.0000	0.0000
372.0000	3536914885.0000	18599.5339	-0.0143	-0.0034	0.5412	-0.7228	-0.0023	-0.0001	-0.1043	0.0677	0.0000	0.0000	0.0000	0.0000	0.0000	0.0000	0.0000	0.0000
373.0000	3536914886.0000	18649.5686	-0.0131	-0.0039	2.0263	-0.6528	-0.0021	-0.0001	-0.0653	0.1072	0.0000	0.0000	0.0000	0.0000	0.0000	0.0000	0.0000	0.0000
374.0000	3536914887.0000	18702.9388	-0.0102	-0.0039	2.2026	0.1413	0.0001	-0.0001	-0.0171	-0.0046	0.0000	0.0000	0.0000	0.0000	0.0000	0.0000	0.0000	0.0000
375.0000	3536914888.0000	18749.6378	-0.0126	-0.0029	2.8968	-1.1477	-0.0034	-0.0001	-0.0074	-0.2525	0.0000	0.0000	0.0000	0.0000	0.0000	0.0000	0.0000	0.0000
376.0000	3536914889.0000	18803.0080	-0.0145	-0.0052	2.7623	-0.3889	-0.0014	-0.0001	0.0710	0.0028	0.0000	0.0000	0.0000	0.0000	0.0000	0.0000	0.0000	0.0000
377.0000	3536914890.0000	18853.0427	-0.0122	-0.0024	2.6066	-1.7955	-0.0052	-0.0001	-0.1183	-0.0038	0.0000	0.0000	0.0000	0.0000	0.0000	0.0000	0.0000	0.0000
378.0000	3536914890.0000	18899.7416	-0.0128	-0.0073	1.9799	-0.9568	-0.0029	-0.0001	0.1536	-0.0321	0.0000	0.0000	0.0000	0.0000	0.0000	0.0000	0.0000	0.0000
379.0000	3536914891.0000	18949.7762	-0.0138	-0.0042	3.0569	-0.2436	-0.0010	-0.0001	0.0326	-0.0581	0.0000	0.0000	0.0000	0.0000	0.0000	0.0000	0.0000	0.0000
380.0000	3536914892.0000	18999.8109	-0.0155	-0.0028	2.9325	-1.3279	-0.0039	-0.0001	0.1257	-0.0088	0.0000	0.0000	0.0000	0.0000	0.0000	0.0000	0.0000	0.0000
381.0000	3536914893.0000	19049.8455	-0.0113	-0.0042	1.3935	-0.5949	-0.0019	-0.0001	0.1223	-0.2340	0.0000	0.0000	0.0000	0.0000	0.0000	0.0000	0.0000	0.0000
382.0000	3536914894.0000	19099.8801	-0.0110	-0.0040	2.8235	0.6978	0.0016	-0.0001	-0.1519	-0.1826	0.0000	0.0000	0.0000	0.0000	0.0000	0.0000	0.0000	0.0000
383.0000	3536914895.0000	19149.9147	-0.0131	-0.0038	2.5218	-1.8461	-0.0053	-0.0001	0.1058	0.0354	0.0000	0.0000	0.0000	0.0000	0.0000	0.0000	0.0000	0.0000
384.0000	3536914895.0000	19203.2850	-0.0155	-0.0060	1.8764	-0.6835	-0.0022	-0.0001	-0.1490	-0.1421	0.0000	0.0000	0.0000	0.0000	0.0000	0.0000	0.0000	0.0000
385.0000	3536914896.0000	19249.9839	-0.0140	-0.0033	1.2091	-0.6622	-0.0021	-0.0001	0.0485	0.0486	0.0000	0.0000	0.0000	0.0000	0.0000	0.0000	0.0000	0.0000
386.0000	3536914897.0000	19303.3542	-0.0148	-0.0056	3.8619	-1.9469	-0.0056	-0.0001	0.0273	0.0116	0.0000	0.0000	0.0000	0.0000	0.0000	0.0000	0.0000	0.0000
387.0000	3536914898.0000	19353.3888	-0.0160	-0.0032	2.2391	0.3852	0.0008	-0.0001	-0.0628	-0.1263	0.0000	0.0000	0.0000	0.0000	0.0000	0.0000	0.0000	0.0000
388.0000	3536914899.0000	19400.0878	-0.0152	-0.0037	2.8723	1.5387	0.0039	-0.0001	-0.0025	-0.1107	0.0000	0.0000	0.0000	0.0000	0.0000	0.0000	0.0000	0.0000
389.0000	3536914900.0000	19450.1224	-0.0147	-0.0021	2.6832	-0.0288	-0.0004	-0.0001	-0.0542	-0.0935	0.0000	0.0000	0.0000	0.0000	0.0000	0.0000	0.0000	0.0000
390.0000	3536914900.0000	19500.1570	-0.0134	-0.0031	3.2949	0.2362	0.0004	-0.0001	-0.1320	0.0040	0.0000	0.0000	0.0000	0.0000	0.0000	0.0000	0.0000	0.0000
391.0000	3536914901.0000	19553.5273	-0.0145	-0.0042	1.5982	1.1699	0.0029	-0.0001	-0.1020	0.0102	0.0000	0.0000	0.0000	0.0000	0.0000	0.0000	0.0000	0.0000
392.0000	3536914902.0000	19603.5619	-0.0128	-0.0045	3.9479	-0.8879	-0.0027	-0.0001	-0.0974	0.0632	0.0000	0.0000	0.0000	0.0000	0.0000	0.0000	0.0000	0.0000
393.0000	3536914903.0000	19650.2608	-0.0117	-0.0045	2.6633	-1.0862	-0.0033	-0.0001	-0.0751	-0.0742	0.0000	0.0000	0.0000	0.0000	0.0000	0.0000	0.0000	0.0000
394.0000	3536914904.0000	19700.2955	-0.0122	-0.0048	2.4632	-2.5733	-0.0073	-0.0001	-0.0933	-0.0725	0.0000	0.0000	0.0000	0.0000	0.0000	0.0000	0.0000	0.0000
395.0000	3536914905.0000	19750.3301	-0.0160	-0.0055	1.7447	0.3280	0.0006	-0.0001	-0.0356	0.0518	0.0000	0.0000	0.0000	0.0000	0.0000	0.0000	0.0000	0.0000
396.0000	3536914905.0000	19800.3647	-0.0130	-0.0047	3.0111	1.5911	0.0041	-0.0001	0.0979	0.0461	0.0000	0.0000	0.0000	0.0000	0.0000	0.0000	0.0000	0.0000
397.0000	3536914906.0000	19857.0706	-0.0120	-0.0053	1.8872	-1.6324	-0.0048	-0.0001	0.0122	0.0441	0.0000	0.0000	0.0000	0.0000	0.0000	0.0000	0.0000	0.0000
398.0000	3536914907.0000	19903.7696	-0.0147	-0.0067	2.4909	-2.5234	-0.0072	-0.0001	-0.0108	-0.0360	0.0000	0.0000	0.0000	0.0000	0.0000	0.0000	0.0000	0.0000
399.0000	3536914908.0000	19953.8042	-0.0159	-0.0044	0.4867	-0.0594	-0.0004	-0.0001	-0.0108	-0.0453	0.0000	0.0000	0.0000	0.0000	0.0000	0.0000	0.0000	0.0000
400.0000	3536914909.0000	20003.8388	-0.0133	-0.0013	2.3267	-1.3626	-0.0040	-0.0001	0.1729	-0.0829	0.0000	0.0000	0.0000	0.0000	0.0000	0.0000	0.0000	0.0000
401.0000	3536914910.0000	20050.5378	-0.0149	-0.0054	1.0310	1.6708	0.0043	-0.0001	0.1221	-0.0011	0.0000	0.0000	0.0000	0.0000	0.0000	0.0000	0.0000	0.0000
402.0000	3536914910.0000	20103.9080	-0.0152	-0.0045	1.3160	-0.0261	-0.0003	-0.0001	-0.0425	0.1026	0.0000	0.0000	0.0000	0.0000	0.0000	0.0000	0.0000	0.0000
403.0000	3536914911.0000	20153.9426	-0.0154	-0.0056	2.4870	1.1366	0.0028	-0.0001	-0.1178	-0.1194	0.0000	0.0000	0.0000	0.0000	0.0000	0.0000	0.0000	0.0000
404.0000	3536914912.0000	20203.9772	-0.0114	-0.0038	2.3628	-4.5559	-0.0128	-0.0001	-0.0301	-0.1629	0.0000	0.0000	0.0000	0.0000	0.0000	0.0000	0.0000	0.0000
405.0000	3536914913.0000	20250.6762	-0.0142	-0.0040	3.5425	0.9300	0.0023	-0.0001	-0.0292	-0.0588	0.0000	0.0000	0.0000	0.0000	0.0000	0.0000	0.0000	0.0000
406.0000	3536914914.0000	20304.0465	-0.0134	-0.0045	2.2645	0.0347	-0.0002	-0.0001	-0.1767	-0.1076	0.0000	0.0000	0.0000	0.0000	0.0000	0.0000	0.0000	0.0000
407.0000	3536914915.0000	20350.7454	-0.0140	-0.0034	3.3259	2.5020	0.0066	-0.0001	0.0916	0.1308	0.0000	0.0000	0.0000	0.0000	0.0000	0.0000	0.0000	0.0000
408.0000	3536914915.0000	20400.7801	-0.0141	-0.0039	1.2847	-0.6735	-0.0021	-0.0001	0.0931	-0.0195	0.0000	0.0000	0.0000	0.0000	0.0000	0.0000	0.0000	0.0000
409.0000	3536914916.0000	20454.1503	-0.0145	-0.0053	1.5561	1.7519	0.0045	-0.0001	-0.0030	0.0365	0.0000	0.0000	0.0000	0.0000	0.0000	0.0000	0.0000	0.0000
410.0000	3536914917.0000	20500.8493	-0.0134	-0.0049	2.3813	2.8297	0.0075	-0.0001	0.0019	-0.0000	0.0000	0.0000	0.0000	0.0000	0.0000	0.0000	0.0000	0.0000
411.0000	3536914918.0000	20554.2195	-0.0147	-0.0043	3.5357	3.8024	0.0102	-0.0001	0.1384	0.1566	0.0000	0.0000	0.0000	0.0000	0.0000	0.0000	0.0000	0.0000
412.0000	3536914919.0000	20600.9185	-0.0139	-0.0052	1.5663	0.7811	0.0019	-0.0001	-0.0513	0.1149	0.0000	0.0000	0.0000	0.0000	0.0000	0.0000	0.0000	0.0000
413.0000	3536914920.0000	20650.9531	-0.0118	-0.0066	2.6552	0.5337	0.0012	-0.0001	-0.2050	0.0822	0.0000	0.0000	0.0000	0.0000	0.0000	0.0000	0.0000	0.0000
414.0000	3536914920.0000	20704.3234	-0.0137	-0.0045	2.0326	1.7021	0.0044	-0.0001	0.1043	0.0925	0.0000	0.0000	0.0000	0.0000	0.0000	0.0000	0.0000	0.0000
415.0000	3536914921.0000	20751.0224	-0.0137	-0.0032	3.0687	2.0838	0.0054	-0.0001	0.0536	-0.1914	0.0000	0.0000	0.0000	0.0000	0.0000	0.0000	0.0000	0.0000
416.0000	3536914922.0000	20801.0570	-0.0147	-0.0037	2.6768	1.7293	0.0045	-0.0001	0.0650	-0.0488	0.0000	0.0000	0.0000	0.0000	0.0000	0.0000	0.0000	0.0000
417.0000	3536914923.0000	20854.4272	-0.0133	-0.0045	2.4810	1.7656	0.0046	-0.0001	-0.0763	0.0335	0.0000	0.0000	0.0000	0.0000	0.0000	0.0000	0.0000	0.0000
418.0000	3536914924.0000	20904.4618	-0.0128	-0.0061	2.4291	0.9393	0.0023	-0.0001	0.0041	-0.0643	0.0000	0.0000	0.0000	0.0000	0.0000	0.0000	0.0000	0.0000
419.0000	3536914925.0000	20954.4965	-0.0141	-0.0042	0.7432	3.4169	0.0091	-0.0001	0.0732	-0.0104	0.0000	0.0000	0.0000	0.0000	0.0000	0.0000	0.0000	0.0000
420.0000	3536914926.0000	21001.1954	-0.0145	-0.0022	0.7547	1.6736	0.0043	-0.0001	-0.1690	0.1586	0.0000	0.0000	0.0000	0.0000	0.0000	0.0000	0.0000	0.0000
421.0000	3536914926.0000	21054.5657	-0.0130	-0.0029	1.6111	2.6467	0.0070	-0.0001	-0.1101	0.0396	0.0000	0.0000	0.0000	0.0000	0.0000	0.0000	0.0000	0.0000
422.0000	3536914927.0000	21104.6003	-0.0141	-0.0060	2.3083	1.0061	0.0025	-0.0001	-0.0121	-0.0286	0.0000	0.0000	0.0000	0.0000	0.0000	0.0000	0.0000	0.0000
423.0000	3536914928.0000	21151.2993	-0.0171	-0.0035	-0.6075	1.0989	0.0027	-0.0001	0.1470	0.0490	0.0000	0.0000	0.0000	0.0000	0.0000	0.0000	0.0000	0.0000
424.0000	3536914929.0000	21201.3339	-0.0142	-0.0046	2.6864	1.0402	0.0026	-0.0001	0.0615	-0.0796	0.0000	0.0000	0.0000	0.0000	0.0000	0.0000	0.0000	0.0000
425.0000	3536914930.0000	21251.3685	-0.0141	-0.0045	2.1119	1.8395	0.0048	-0.0001	-0.0452	0.1634	0.0000	0.0000	0.0000	0.0000	0.0000	0.0000	0.0000	0.0000
426.0000	3536914931.0000	21301.4031	-0.0139	-0.0043	2.3924	1.1005	0.0028	-0.0001	0.0497	0.0455	0.0000	0.0000	0.0000	0.0000	0.0000	0.0000	0.0000	0.0000
427.0000	3536914931.0000	21351.4377	-0.0140	-0.0053	2.0230	1.4372	0.0037	-0.0001	0.1880	-0.1252	0.0000	0.0000	0.0000	0.0000	0.0000	0.0000	0.0000	0.0000
428.0000	3536914932.0000	21404.8080	-0.0151	-0.0037	1.8348	0.9224	0.0023	-0.0001	0.1740	-0.2574	0.0000	0.0000	0.0000	0.0000	0.0000	0.0000	0.0000	0.0000
429.0000	3536914933.0000	21454.8426	-0.0128	-0.0048	1.2389	2.9441	0.0078	-0.0001	-0.0750	0.0132	0.0000	0.0000	0.0000	0.0000	0.0000	0.0000	0.0000	0.0000
430.0000	3536914934.0000	21501.5416	-0.0140	-0.0042	3.2894	3.6069	0.0096	-0.0000	-0.0843	-0.0051	0.0000	0.0000	0.0000	0.0000	0.0000	0.0000	0.0000	0.0000
431.0000	3536914935.0000	21554.9118	-0.0155	-0.0040	0.5498	2.9579	0.0078	-0.0000	0.0939	-0.0885	0.0000	0.0000	0.0000	0.0000	0.0000	0.0000	0.0000	0.0000
432.0000	3536914936.0000	21601.6108	-0.0157	-0.0024	0.7480	2.1338	0.0056	-0.0001	-0.0608	-0.0267	0.0000	0.0000	0.0000	0.0000	0.0000	0.0000	0.0000	0.0000
433.0000	3536914936.0000	21651.6454	-0.0136	-0.0069	1.1571	0.4479	0.0010	-0.0001	-0.0492	0.0901	0.0000	0.0000	0.0000	0.0000	0.0000	0.0000	0.0000	0.0000
434.0000	3536914937.0000	21701.6800	-0.0131	-0.0047	-0.7532	3.3856	0.0090	-0.0001	-0.0739	-0.0313	0.0000	0.0000	0.0000	0.0000	0.0000	0.0000	0.0000	0.0000
435.0000	3536914938.0000	21755.0503	-0.0145	-0.0050	0.0686	1.0594	0.0026	-0.0001	0.0385	0.1238	0.0000	0.0000	0.0000	0.0000	0.0000	0.0000	0.0000	0.0000
436.0000	3536914939.0000	21801.7493	-0.0147	-0.0052	1.2866	3.0402	0.0081	-0.0001	0.0797	0.0047	0.0000	0.0000	0.0000	0.0000	0.0000	0.0000	0.0000	0.0000
437.0000	3536914940.0000	21855.1195	-0.0122	-0.0036	0.1413	2.7800	0.0074	-0.0001	0.0336	0.0144	0.0000	0.0000	0.0000	0.0000	0.0000	0.0000	0.0000	0.0000
438.0000	3536914941.0000	21901.8185	-0.0136	-0.0067	2.1674	1.3978	0.0036	-0.0001	0.0025	0.0194	0.0000	0.0000	0.0000	0.0000	0.0000	0.0000	0.0000	0.0000
439.0000	3536914941.0000	21951.8531	-0.0156	-0.0051	-1.9521	1.8825	0.0049	-0.0001	-0.1385	0.1966	0.0000	0.0000	0.0000	0.0000	0.0000	0.0000	0.0000	0.0000
440.0000	3536914942.0000	22001.8877	-0.0139	-0.0053	2.0624	3.4093	0.0091	-0.0001	0.1556	0.0345	0.0000	0.0000	0.0000	0.0000	0.0000	0.0000	0.0000	0.0000
441.0000	3536914943.0000	22055.2580	-0.0150	-0.0038	1.6527	1.9730	0.0051	-0.0001	-0.1743	-0.1545	0.0000	0.0000	0.0000	0.0000	0.0000	0.0000	0.0000	0.0000
442.0000	3536914944.0000	22101.9569	-0.0125	-0.0055	1.3726	1.9976	0.0052	-0.0001	0.0346	0.0797	0.0000	0.0000	0.0000	0.0000	0.0000	0.0000	0.0000	0.0000
443.0000	3536914945.0000	22151.9916	-0.0153	-0.0043	-0.3965	2.7601	0.0073	-0.0001	0.1265	-0.1173	0.0000	0.0000	0.0000	0.0000	0.0000	0.0000	0.0000	0.0000
444.0000	3536914946.0000	22202.0262	-0.0136	-0.0046	0.7934	2.7147	0.0072	-0.0001	0.2272	-0.1105	0.0000	0.0000	0.0000	0.0000	0.0000	0.0000	0.0000	0.0000
445.0000	3536914946.0000	22255.3964	-0.0152	-0.0031	0.8457	1.9528	0.0051	-0.0001	-0.0612	-0.0976	0.0000	0.0000	0.0000	0.0000	0.0000	0.0000	0.0000	0.0000
446.0000	3536914947.0000	22305.4310	-0.0151	-0.0052	0.2749	3.2371	0.0086	-0.0001	-0.0012	0.0077	0.0000	0.0000	0.0000	0.0000	0.0000	0.0000	0.0000	0.0000
447.0000	3536914948.0000	22355.4657	-0.0146	-0.0042	-0.0580	4.4375	0.0119	-0.0001	0.0762	0.0739	0.0000	0.0000	0.0000	0.0000	0.0000	0.0000	0.0000	0.0000
448.0000	3536914949.0000	22402.1646	-0.0126	-0.0059	-2.0738	2.3604	0.0062	-0.0001	0.0003	0.0560	0.0000	0.0000	0.0000	0.0000	0.0000	0.0000	0.0000	0.0000
449.0000	3536914950.0000	22455.5349	-0.0149	-0.0066	0.3928	1.8343	0.0048	-0.0001	0.2057	-0.0687	0.0000	0.0000	0.0000	0.0000	0.0000	0.0000	0.0000	0.0000
450.0000	3536914951.0000	22502.2339	-0.0132	-0.0024	0.2867	2.4453	0.0064	-0.0001	-0.1072	0.1016	0.0000	0.0000	0.0000	0.0000	0.0000	0.0000	0.0000	0.0000
451.0000	3536914951.0000	22548.9328	-0.0141	-0.0045	-0.1132	3.6126	0.0096	-0.0001	-0.0064	-0.0277	0.0000	0.0000	0.0000	0.0000	0.0000	0.0000	0.0000	0.0000
452.0000	3536914952.0000	22602.3031	-0.0138	-0.0043	-0.8956	1.7955	0.0046	-0.0001	0.2107	0.1283	0.0000	0.0000	0.0000	0.0000	0.0000	0.0000	0.0000	0.0000
453.0000	3536914953.0000	22649.0021	-0.0131	-0.0046	-1.4389	2.9453	0.0078	-0.0001	0.0305	0.0099	0.0000	0.0000	0.0000	0.0000	0.0000	0.0000	0.0000	0.0000
454.0000	3536914954.0000	22702.3723	-0.0137	-0.0025	0.3401	2.5434	0.0067	-0.0001	0.0250	-0.0938	0.0000	0.0000	0.0000	0.0000	0.0000	0.0000	0.0000	0.0000
455.0000	3536914955.0000	22749.0713	-0.0135	-0.0060	-1.3584	1.1708	0.0029	-0.0001	-0.0125	-0.0279	0.0000	0.0000	0.0000	0.0000	0.0000	0.0000	0.0000	0.0000
456.0000	3536914956.0000	22799.1059	-0.0146	-0.0038	-0.4464	2.1713	0.0057	-0.0001	0.2466	-0.0404	0.0000	0.0000	0.0000	0.0000	0.0000	0.0000	0.0000	0.0000
457.0000	3536914956.0000	22849.1405	-0.0146	-0.0038	-0.2108	3.2719	0.0087	-0.0001	0.0599	-0.0018	0.0000	0.0000	0.0000	0.0000	0.0000	0.0000	0.0000	0.0000
458.0000	3536914957.0000	22899.1751	-0.0142	-0.0042	-2.2852	2.4644	0.0065	-0.0001	0.1633	-0.1569	0.0000	0.0000	0.0000	0.0000	0.0000	0.0000	0.0000	0.0000
459.0000	3536914958.0000	22949.2097	-0.0151	-0.0069	-2.0697	1.2368	0.0031	-0.0001	-0.0373	-0.0169	0.0000	0.0000	0.0000	0.0000	0.0000	0.0000	0.0000	0.0000
460.0000	3536914959.0000	22999.2444	-0.0156	-0.0047	0.0398	1.3835	0.0035	-0.0001	-0.0737	-0.0788	0.0000	0.0000	0.0000	0.0000	0.0000	0.0000	0.0000	0.0000
461.0000	3536914960.0000	23049.2790	-0.0144	-0.0041	0.1816	3.0588	0.0081	-0.0001	0.0396	0.0035	0.0000	0.0000	0.0000	0.0000	0.0000	0.0000	0.0000	0.0000
462.0000	3536914961.0000	23102.6492	-0.0152	-0.0037	0.3257	1.6238	0.0041	-0.0001	-0.0696	0.2115	0.0000	0.0000	0.0000	0.0000	0.0000	0.0000	0.0000	0.0000
463.0000	3536914961.0000	23152.6838	-0.0156	-0.0052	-0.5802	2.0416	0.0053	-0.0001	0.0765	0.1130	0.0000	0.0000	0.0000	0.0000	0.0000	0.0000	0.0000	0.0000
464.0000	3536914962.0000	23202.7185	-0.0142	-0.0071	-2.4779	1.5976	0.0041	-0.0001	-0.0602	0.0012	0.0000	0.0000	0.0000	0.0000	0.0000	0.0000	0.0000	0.0000
465.0000	3536914963.0000	23252.7531	-0.0150	-0.0062	0.1756	1.6205	0.0042	-0.0001	-0.0306	-0.2262	0.0000	0.0000	0.0000	0.0000	0.0000	0.0000	0.0000	0.0000
466.0000	3536914964.0000	23302.7877	-0.0119	-0.0046	-1.6524	3.1587	0.0084	-0.0001	-0.0812	-0.0870	0.0000	0.0000	0.0000	0.0000	0.0000	0.0000	0.0000	0.0000
467.0000	3536914965.0000	23352.8223	-0.0143	-0.0057	-0.6741	4.2910	0.0115	-0.0000	-0.0536	0.1273	0.0000	0.0000	0.0000	0.0000	0.0000	0.0000	0.0000	0.0000
468.0000	3536914966.0000	23402.8569	-0.0137	-0.0047	-1.6515	1.2745	0.0032	-0.0001	0.0245	-0.0973	0.0000	0.0000	0.0000	0.0000	0.0000	0.0000	0.0000	0.0000
469.0000	3536914966.0000	23449.5559	-0.0137	-0.0052	-1.3897	3.0135	0.0080	-0.0001	0.0867	-0.1808	0.0000	0.0000	0.0000	0.0000	0.0000	0.0000	0.0000	0.0000
470.0000	3536914967.0000	23502.9261	-0.0137	-0.0046	-0.9231	2.5169	0.0066	-0.0001	0.0702	0.1887	0.0000	0.0000	0.0000	0.0000	0.0000	0.0000	0.0000	0.0000
471.0000	3536914968.0000	23552.9608	-0.0124	-0.0026	-3.1354	0.7005	0.0016	-0.0001	-0.1328	0.0244	0.0000	0.0000	0.0000	0.0000	0.0000	0.0000	0.0000	0.0000
472.0000	3536914969.0000	23599.6597	-0.0128	-0.0027	-3.1799	2.0796	0.0054	-0.0001	-0.0436	0.1108	0.0000	0.0000	0.0000	0.0000	0.0000	0.0000	0.0000	0.0000
473.0000	3536914970.0000	23649.6943	-0.0150	-0.0031	-0.5768	3.2660	0.0087	-0.0001	0.0630	-0.0648	0.0000	0.0000	0.0000	0.0000	0.0000	0.0000	0.0000	0.0000
474.0000	3536914971.0000	23703.0646	-0.0154	-0.0047	-0.9472	2.7206	0.0072	-0.0001	-0.0065	0.0995	0.0000	0.0000	0.0000	0.0000	0.0000	0.0000	0.0000	0.0000
475.0000	3536914971.0000	23753.0992	-0.0111	-0.0040	-1.3588	0.6490	0.0015	-0.0001	-0.0495	-0.1093	0.0000	0.0000	0.0000	0.0000	0.0000	0.0000	0.0000	0.0000
476.0000	3536914972.0000	23803.1338	-0.0145	-0.0064	-2.7663	-0.0882	-0.0005	-0.0001	0.0185	0.0069	0.0000	0.0000	0.0000	0.0000	0.0000	0.0000	0.0000	0.0000
477.0000	3536914973.0000	23853.1684	-0.0170	-0.0038	-3.3244	2.0228	0.0053	-0.0001	0.0132	-0.1442	0.0000	0.0000	0.0000	0.0000	0.0000	0.0000	0.0000	0.0000
478.0000	3536914974.0000	23903.2031	-0.0154	-0.0046	-0.4533	2.4921	0.0065	-0.0001	-0.0324	-0.0523	0.0000	0.0000	0.0000	0.0000	0.0000	0.0000	0.0000	0.0000
479.0000	3536914975.0000	23949.9020	-0.0132	-0.0031	-2.3149	0.8675	0.0021	-0.0001	-0.2313	-0.0225	0.0000	0.0000	0.0000	0.0000	0.0000	0.0000	0.0000	0.0000
480.0000	3536914976.0000	23999.9366	-0.0144	-0.0054	-3.7177	0.0590	-0.0001	-0.0001	0.1582	0.1000	0.0000	0.0000	0.0000	0.0000	0.0000	0.0000	0.0000	0.0000
481.0000	3536914976.0000	24053.3069	-0.0125	-0.0041	-1.7710	1.4261	0.0036	-0.0001	-0.1797	-0.2865	0.0000	0.0000	0.0000	0.0000	0.0000	0.0000	0.0000	0.0000
482.0000	3536914977.0000	24103.3415	-0.0143	-0.0030	-1.2497	-1.0123	-0.0031	-0.0001	-0.0469	-0.0565	0.0000	0.0000	0.0000	0.0000	0.0000	0.0000	0.0000	0.0000
483.0000	3536914978.0000	24150.0405	-0.0122	-0.0062	-4.5854	2.7603	0.0073	-0.0001	0.0193	0.0035	0.0000	0.0000	0.0000	0.0000	0.0000	0.0000	0.0000	0.0000
484.0000	3536914979.0000	24200.0751	-0.0133	-0.0039	-3.0633	2.7319	0.0072	-0.0001	-0.1950	0.0436	0.0000	0.0000	0.0000	0.0000	0.0000	0.0000	0.0000	0.0000
485.0000	3536914980.0000	24250.1097	-0.0134	-0.0053	-1.9415	0.7238	0.0017	-0.0001	0.1520	0.1903	0.0000	0.0000	0.0000	0.0000	0.0000	0.0000	0.0000	0.0000
486.0000	3536914981.0000	24303.4800	-0.0134	-0.0036	-1.0272	-0.3289	-0.0011	-0.0001	-0.0160	-0.0404	0.0000	0.0000	0.0000	0.0000	0.0000	0.0000	0.0000	0.0000
487.0000	3536914981.0000	24353.5146	-0.0123	-0.0026	-3.3207	1.8500	0.0048	-0.0001	0.0301	-0.0047	0.0000	0.0000	0.0000	0.0000	0.0000	0.0000	0.0000	0.0000
488.0000	3536914982.0000	24400.2136	-0.0118	-0.0061	-1.2913	-0.0223	-0.0003	-0.0001	0.1558	0.0327	0.0000	0.0000	0.0000	0.0000	0.0000	0.0000	0.0000	0.0000
489.0000	3536914983.0000	24450.2482	-0.0141	-0.0030	-1.1114	0.2452	0.0004	-0.0001	0.0715	-0.0530	0.0000	0.0000	0.0000	0.0000	0.0000	0.0000	0.0000	0.0000
490.0000	3536914984.0000	24500.2828	-0.0146	-0.0050	-4.3308	1.3796	0.0035	-0.0001	0.0565	-0.0819	0.0000	0.0000	0.0000	0.0000	0.0000	0.0000	0.0000	0.0000
491.0000	3536914985.0000	24550.3174	-0.0160	-0.0034	-1.5512	-1.0799	-0.0032	-0.0001	-0.1000	0.0264	0.0000	0.0000	0.0000	0.0000	0.0000	0.0000	0.0000	0.0000
492.0000	3536914986.0000	24600.3520	-0.0136	-0.0030	-4.3740	0.5596	0.0013	-0.0001	0.0264	-0.1028	0.0000	0.0000	0.0000	0.0000	0.0000	0.0000	0.0000	0.0000
493.0000	3536914987.0000	24653.7223	-0.0149	-0.0063	-3.4462	-0.4169	-0.0014	-0.0001	-0.1015	0.0553	0.0000	0.0000	0.0000	0.0000	0.0000	0.0000	0.0000	0.0000
494.0000	3536914987.0000	24703.7569	-0.0156	-0.0047	-2.3626	1.7337	0.0045	-0.0001	0.0797	0.0275	0.0000	0.0000	0.0000	0.0000	0.0000	0.0000	0.0000	0.0000
495.0000	3536914988.0000	24750.4559	-0.0144	-0.0027	-1.7680	1.1965	0.0030	-0.0001	-0.0751	-0.0839	0.0000	0.0000	0.0000	0.0000	0.0000	0.0000	0.0000	0.0000
496.0000	3536914989.0000	24803.8261	-0.0126	-0.0035	-1.8167	1.3967	0.0036	-0.0001	-0.2424	0.1645	0.0000	0.0000	0.0000	0.0000	0.0000	0.0000	0.0000	0.0000
497.0000	3536914990.0000	24850.5251	-0.0150	-0.0043	-3.0850	0.4807	0.0010	-0.0001	0.1004	-0.1499	0.0000	0.0000	0.0000	0.0000	0.0000	0.0000	0.0000	0.0000
498.0000	3536914991.0000	24903.8953	-0.0146	-0.0030	-1.9367	0.5754	0.0013	-0.0001	0.3032	-0.0006	0.0000	0.0000	0.0000	0.0000	0.0000	0.0000	0.0000	0.0000
499.0000	3536914992.0000	24950.5943	-0.0132	-0.0043	-3.0685	-1.2175	-0.0036	-0.0001	0.1423	0.0686	0.0000	0.0000	0.0000	0.0000	0.0000	0.0000	0.0000	0.0000
500.0000	3536914992.0000	25000.6289	-0.0128	-0.0026	-3.4201	1.2427	0.0031	-0.0001	-0.1135	0.0511	0.0000	0.0000	0.0000	0.0000	0.0000	0.0000	0.0000	0.0000
501.0000	3536914993.0000	25050.6635	-0.0163	-0.0043	-2.2044	-2.0081	-0.0058	-0.0001	-0.0863	-0.0218	0.0000	0.0000	0.0000	0.0000	0.0000	0.0000	0.0000	0.0000
502.0000	3536914994.0000	25100.6982	-0.0143	-0.0038	-2.7611	-1.1309	-0.0034	-0.0001	-0.0231	0.0860	0.0000	0.0000	0.0000	0.0000	0.0000	0.0000	0.0000	0.0000
503.0000	3536914995.0000	25154.0684	-0.0130	-0.0049	-2.7481	0.8001	0.0019	-0.0001	-0.0193	0.0819	0.0000	0.0000	0.0000	0.0000	0.0000	0.0000	0.0000	0.0000
504.0000	3536914996.0000	25204.1030	-0.0138	-0.0062	-2.3883	0.4894	0.0011	-0.0001	-0.1105	0.0734	0.0000	0.0000	0.0000	0.0000	0.0000	0.0000	0.0000	0.0000
505.0000	3536914997.0000	25254.1376	-0.0128	-0.0061	-2.4593	0.2224	0.0003	-0.0001	-0.0646	0.0624	0.0000	0.0000	0.0000	0.0000	0.0000	0.0000	0.0000	0.0000
506.0000	3536914997.0000	25304.1723	-0.0131	-0.0032	-2.4774	-0.9894	-0.0030	-0.0001	-0.0216	-0.0382	0.0000	0.0000	0.0000	0.0000	0.0000	0.0000	0.0000	0.0000
507.0000	3536914998.0000	25350.8712	-0.0146	-0.0033	-0.8748	0.4414	0.0009	-0.0001	-0.0489	-0.1473	0.0000	0.0000	0.0000	0.0000	0.0000	0.0000	0.0000	0.0000
508.0000	3536914999.0000	25404.2415	-0.0155	-0.0030	-1.9201	-1.8426	-0.0053	-0.0001	-0.0564	-0.0605	0.0000	0.0000	0.0000	0.0000	0.0000	0.0000	0.0000	0.0000
509.0000	3536915000.0000	25454.2761	-0.0125	-0.0044	-4.0966	-1.3515	-0.0040	-0.0001	0.0561	0.0578	0.0000	0.0000	0.0000	0.0000	0.0000	0.0000	0.0000	0.0000
510.0000	3536915001.0000	25500.9751	-0.0133	-0.0028	-3.3429	-2.5727	-0.0073	-0.0001	-0.1255	-0.0496	0.0000	0.0000	0.0000	0.0000	0.0000	0.0000	0.0000	0.0000
511.0000	3536915002.0000	25554.3453	-0.0127	-0.0053	-3.3201	-0.6910	-0.0022	-0.0001	-0.0036	-0.0701	0.0000	0.0000	0.0000	0.0000	0.0000	0.0000	0.0000	0.0000
512.0000	3536915002.0000	25604.3799	-0.0139	-0.0047	-2.5325	-3.0600	-0.0086	-0.0001	-0.2915	0.0319	0.0000	0.0000	0.0000	0.0000	0.0000	0.0000	0.0000	0.0000
513.0000	3536915003.0000	25651.0789	-0.0152	-0.0060	-2.0062	-1.2614	-0.0037	-0.0001	-0.0820	0.1286	0.0000	0.0000	0.0000	0.0000	0.0000	0.0000	0.0000	0.0000
514.0000	3536915004.0000	25704.4492	-0.0144	-0.0064	-2.2463	-1.0233	-0.0031	-0.0001	-0.1104	-0.1349	0.0000	0.0000	0.0000	0.0000	0.0000	0.0000	0.0000	0.0000
515.0000	3536915005.0000	25751.1481	-0.0139	-0.0047	-3.1808	-1.7027	-0.0049	-0.0001	-0.0125	0.0770	0.0000	0.0000	0.0000	0.0000	0.0000	0.0000	0.0000	0.0000
516.0000	3536915006.0000	25801.1828	-0.0145	-0.0039	0.4678	-1.9775	-0.0057	-0.0001	0.0420	-0.1171	0.0000	0.0000	0.0000	0.0000	0.0000	0.0000	0.0000	0.0000
517.0000	3536915007.0000	25854.5530	-0.0141	-0.0049	-1.7929	-1.7092	-0.0050	-0.0001	0.0113	0.0386	0.0000	0.0000	0.0000	0.0000	0.0000	0.0000	0.0000	0.0000
518.0000	3536915007.0000	25901.2520	-0.0148	-0.0064	-3.4111	0.0918	-0.0000	-0.0001	0.0706	0.0428	0.0000	0.0000	0.0000	0.0000	0.0000	0.0000	0.0000	0.0000
519.0000	3536915008.0000	25951.2866	-0.0139	-0.0037	-1.9334	-0.5536	-0.0018	-0.0001	0.0845	0.0132	0.0000	0.0000	0.0000	0.0000	0.0000	0.0000	0.0000	0.0000
520.0000	3536915009.0000	26001.3212	-0.0163	-0.0044	-2.2588	-2.8556	-0.0081	-0.0001	0.1306	0.0473	0.0000	0.0000	0.0000	0.0000	0.0000	0.0000	0.0000	0.0000
521.0000	3536915010.0000	26051.3558	-0.0134	-0.0040	-3.7537	-2.0789	-0.0060	-0.0001	-0.0627	-0.0963	0.0000	0.0000	0.0000	0.0000	0.0000	0.0000	0.0000	0.0000
522.0000	3536915011.0000	26104.7261	-0.0117	-0.0044	-1.1106	1.0284	0.0025	-0.0001	0.1014	0.1991	0.0000	0.0000	0.0000	0.0000	0.0000	0.0000	0.0000	0.0000
523.0000	3536915012.0000	26151.4251	-0.0128	-0.0060	-2.7877	-1.7542	-0.0051	-0.0001	-0.0190	-0.0053	0.0000	0.0000	0.0000	0.0000	0.0000	0.0000	0.0000	0.0000
524.0000	3536915012.0000	26201.4597	-0.0151	-0.0028	-3.3207	0.6599	0.0015	-0.0001	0.0142	0.0748	0.0000	0.0000	0.0000	0.0000	0.0000	0.0000	0.0000	0.0000
525.0000	3536915013.0000	26251.4943	-0.0139	-0.0019	-1.9542	-3.0908	-0.0087	-0.0001	0.0794	0.1499	0.0000	0.0000	0.0000	0.0000	0.0000	0.0000	0.0000	0.0000
526.0000	3536915014.0000	26304.8645	-0.0149	-0.0040	-2.1248	-0.6817	-0.0021	-0.0001	0.0306	-0.0559	0.0000	0.0000	0.0000	0.0000	0.0000	0.0000	0.0000	0.0000
527.0000	3536915015.0000	26354.8992	-0.0152	-0.0043	-2.2942	-1.2200	-0.0036	-0.0001	0.0334	0.0680	0.0000	0.0000	0.0000	0.0000	0.0000	0.0000	0.0000	0.0000
528.0000	3536915016.0000	26401.5981	-0.0143	-0.0056	-2.6404	-1.8712	-0.0054	-0.0001	0.0188	0.0834	0.0000	0.0000	0.0000	0.0000	0.0000	0.0000	0.0000	0.0000
529.0000	3536915017.0000	26451.6327	-0.0144	-0.0041	-1.3011	-0.2090	-0.0008	-0.0001	0.1553	-0.0886	0.0000	0.0000	0.0000	0.0000	0.0000	0.0000	0.0000	0.0000
530.0000	3536915017.0000	26501.6674	-0.0132	-0.0034	-3.2149	-1.2529	-0.0037	-0.0001	-0.1174	0.0135	0.0000	0.0000	0.0000	0.0000	0.0000	0.0000	0.0000	0.0000
531.0000	3536915018.0000	26551.7020	-0.0153	-0.0049	-1.5121	-0.1005	-0.0005	-0.0001	-0.0799	-0.1067	0.0000	0.0000	0.0000	0.0000	0.0000	0.0000	0.0000	0.0000
532.0000	3536915019.0000	26605.0722	-0.0148	-0.0073	-2.7761	-2.4523	-0.0070	-0.0001	-0.0413	0.0488	0.0000	0.0000	0.0000	0.0000	0.0000	0.0000	0.0000	0.0000
533.0000	3536915020.0000	26651.7712	-0.0116	-0.0054	-1.0240	-2.3018	-0.0066	-0.0001	-0.1054	-0.0821	0.0000	0.0000	0.0000	0.0000	0.0000	0.0000	0.0000	0.0000
534.0000	3536915021.0000	26705.1415	-0.0144	-0.0071	-0.4597	-2.2484	-0.0064	-0.0001	0.1192	-0.0591	0.0000	0.0000	0.0000	0.0000	0.0000	0.0000	0.0000	0.0000
535.0000	3536915022.0000	26755.1761	-0.0130	-0.0042	-1.6757	-1.5755	-0.0046	-0.0001	0.0534	0.0714	0.0000	0.0000	0.0000	0.0000	0.0000	0.0000	0.0000	0.0000
536.0000	3536915022.0000	26801.8750	-0.0138	-0.0045	-3.4182	-1.8593	-0.0054	-0.0001	-0.0265	0.0082	0.0000	0.0000	0.0000	0.0000	0.0000	0.0000	0.0000	0.0000
537.0000	3536915023.0000	26851.9097	-0.0155	-0.0041	-0.4826	-1.4126	-0.0041	-0.0001	0.0743	-0.1623	0.0000	0.0000	0.0000	0.0000	0.0000	0.0000	0.0000	0.0000
538.0000	3536915024.0000	26901.9443	-0.0147	-0.0024	-2.2535	-1.0098	-0.0030	-0.0001	-0.0366	0.1223	0.0000	0.0000	0.0000	0.0000	0.0000	0.0000	0.0000	0.0000
539.0000	3536915025.0000	26951.9789	-0.0140	-0.0033	-0.4067	-1.4647	-0.0043	-0.0001	-0.1511	-0.1600	0.0000	0.0000	0.0000	0.0000	0.0000	0.0000	0.0000	0.0000
540.0000	3536915026.0000	27005.3491	-0.0143	-0.0053	-0.3516	-1.5210	-0.0044	-0.0001	-0.1777	0.0887	0.0000	0.0000	0.0000	0.0000	0.0000	0.0000	0.0000	0.0000
541.0000	3536915027.0000	27055.3838	-0.0163	-0.0046	-0.0711	-0.2216	-0.0009	-0.0001	-0.0293	0.0547	0.0000	0.0000	0.0000	0.0000	0.0000	0.0000	0.0000	0.0000
542.0000	3536915027.0000	27102.0827	-0.0109	-0.0035	-0.6888	-1.0620	-0.0032	-0.0001	-0.0293	-0.0089	0.0000	0.0000	0.0000	0.0000	0.0000	0.0000	0.0000	0.0000
543.0000	3536915028.0000	27155.4530	-0.0139	-0.0033	-2.3879	-3.7712	-0.0106	-0.0001	0.0674	-0.0028	0.0000	0.0000	0.0000	0.0000	0.0000	0.0000	0.0000	0.0000
544.0000	3536915029.0000	27205.4876	-0.0157	-0.0049	-1.2125	-1.8150	-0.0052	-0.0001	0.0142	-0.0984	0.0000	0.0000	0.0000	0.0000	0.0000	0.0000	0.0000	0.0000
545.0000	3536915030.0000	27255.5222	-0.0137	-0.0048	-2.1720	-1.0447	-0.0031	-0.0001	-0.0651	0.0189	0.0000	0.0000	0.0000	0.0000	0.0000	0.0000	0.0000	0.0000
546.0000	3536915031.0000	27305.5568	-0.0152	-0.0034	1.0254	-3.9881	-0.0112	-0.0001	-0.0108	-0.1085	0.0000	0.0000	0.0000	0.0000	0.0000	0.0000	0.0000	0.0000
547.0000	3536915032.0000	27352.2558	-0.0139	-0.0033	-1.0196	-0.9999	-0.0030	-0.0001	-0.0711	0.0401	0.0000	0.0000	0.0000	0.0000	0.0000	0.0000	0.0000	0.0000
548.0000	3536915032.0000	27405.6261	-0.0132	-0.0053	0.6664	-3.3205	-0.0094	-0.0001	-0.2010	0.1880	0.0000	0.0000	0.0000	0.0000	0.0000	0.0000	0.0000	0.0000
549.0000	3536915033.0000	27455.6607	-0.0151	-0.0037	-1.4374	-2.2848	-0.0065	-0.0001	0.0642	0.0441	0.0000	0.0000	0.0000	0.0000	0.0000	0.0000	0.0000	0.0000
550.0000	3536915034.0000	27502.3596	-0.0145	-0.0048	0.8322	-0.9774	-0.0029	-0.0001	0.1282	-0.2037	0.0000	0.0000	0.0000	0.0000	0.0000	0.0000	0.0000	0.0000
551.0000	3536915035.0000	27549.0586	-0.0120	-0.0045	-1.8430	-3.4857	-0.0098	-0.0001	-0.0725	-0.0722	0.0000	0.0000	0.0000	0.0000	0.0000	0.0000	0.0000	0.0000
552.0000	3536915036.0000	27599.0932	-0.0134	-0.0067	-0.0899	-2.0848	-0.0060	-0.0001	-0.0678	-0.1336	0.0000	0.0000	0.0000	0.0000	0.0000	0.0000	0.0000	0.0000
553.0000	3536915037.0000	27652.4635	-0.0150	-0.0049	0.0760	-1.6415	-0.0048	-0.0001	0.1393	-0.0319	0.0000	0.0000	0.0000	0.0000	0.0000	0.0000	0.0000	0.0000
554.0000	3536915037.0000	27702.4981	-0.0160	-0.0054	-2.2004	-0.9140	-0.0028	-0.0001	-0.0695	0.0162	0.0000	0.0000	0.0000	0.0000	0.0000	0.0000	0.0000	0.0000
555.0000	3536915038.0000	27752.5327	-0.0158	-0.0044	0.2449	-2.4349	-0.0069	-0.0001	0.1385	-0.0855	0.0000	0.0000	0.0000	0.0000	0.0000	0.0000	0.0000	0.0000
556.0000	3536915039.0000	27802.5673	-0.0146	-0.0035	1.3723	-2.4004	-0.0069	-0.0001	-0.0688	-0.0699	0.0000	0.0000	0.0000	0.0000	0.0000	0.0000	0.0000	0.0000
557.0000	3536915040.0000	27852.6019	-0.0140	-0.0050	-0.2828	0.1071	0.0000	-0.0001	0.1281	-0.1458	0.0000	0.0000	0.0000	0.0000	0.0000	0.0000	0.0000	0.0000
558.0000	3536915041.0000	27902.6366	-0.0153	-0.0063	0.9607	-3.4399	-0.0097	-0.0001	0.0903	-0.0384	0.0000	0.0000	0.0000	0.0000	0.0000	0.0000	0.0000	0.0000
559.0000	3536915042.0000	27949.3355	-0.0150	-0.0030	-0.8246	-2.1187	-0.0061	-0.0001	0.1423	-0.0840	0.0000	0.0000	0.0000	0.0000	0.0000	0.0000	0.0000	0.0000
560.0000	3536915042.0000	27999.3702	-0.0134	-0.0040	1.2129	-1.5342	-0.0045	-0.0001	0.0454	-0.0367	0.0000	0.0000	0.0000	0.0000	0.0000	0.0000	0.0000	0.0000
561.0000	3536915043.0000	28049.4048	-0.0136	-0.0049	1.9317	-3.2803	-0.0093	-0.0001	-0.0599	-0.1550	0.0000	0.0000	0.0000	0.0000	0.0000	0.0000	0.0000	0.0000
562.0000	3536915044.0000	28099.4394	-0.0138	-0.0052	0.5765	-0.3886	-0.0014	-0.0001	0.1322	0.0134	0.0000	0.0000	0.0000	0.0000	0.0000	0.0000	0.0000	0.0000
563.0000	3536915045.0000	28152.8096	-0.0153	-0.0023	2.4516	-2.2189	-0.0064	-0.0001	-0.0912	0.0335	0.0000	0.0000	0.0000	0.0000	0.0000	0.0000	0.0000	0.0000
564.0000	3536915046.0000	28202.8442	-0.0149	-0.0037	0.9294	-1.3618	-0.0040	-0.0001	0.0094	0.0329	0.0000	0.0000	0.0000	0.0000	0.0000	0.0000	0.0000	0.0000
565.0000	3536915047.0000	28252.8789	-0.0137	-0.0033	2.0666	-4.5238	-0.0127	-0.0002	-0.0895	0.1710	0.0000	0.0000	0.0000	0.0000	0.0000	0.0000	0.0000	0.0000
566.0000	3536915047.0000	28302.9135	-0.0154	-0.0057	1.3445	-2.1096	-0.0061	-0.0001	-0.1731	0.0396	0.0000	0.0000	0.0000	0.0000	0.0000	0.0000	0.0000	0.0000
567.0000	3536915048.0000	28352.9481	-0.0165	-0.0040	1.2966	-2.3466	-0.0067	-0.0002	0.1667	0.0880	0.0000	0.0000	0.0000	0.0000	0.0000	0.0000	0.0000	0.0000
568.0000	3536915049.0000	28402.9827	-0.0114	-0.0045	0.5499	-2.7802	-0.0079	-0.0001	0.0008	0.0273	0.0000	0.0000	0.0000	0.0000	0.0000	0.0000	0.0000	0.0000
569.0000	3536915050.0000	28449.6817	-0.0147	-0.0039	0.7010	-1.8470	-0.0054	-0.0001	-0.1275	-0.1303	0.0000	0.0000	0.0000	0.0000	0.0000	0.0000	0.0000	0.0000
570.0000	3536915051.0000	28503.0519	-0.0144	-0.0044	1.2546	-1.5007	-0.0044	-0.0001	0.1099	0.1106	0.0000	0.0000	0.0000	0.0000	0.0000	0.0000	0.0000	0.0000
571.0000	3536915052.0000	28549.7509	-0.0127	-0.0076	1.6727	-1.0329	-0.0031	-0.0001	0.1177	0.0672	0.0000	0.0000	0.0000	0.0000	0.0000	0.0000	0.0000	0.0000
572.0000	3536915053.0000	28603.1212	-0.0155	-0.0048	3.3851	-2.0026	-0.0058	-0.0001	0.1267	0.0695	0.0000	0.0000	0.0000	0.0000	0.0000	0.0000	0.0000	0.0000
573.0000	3536915053.0000	28649.8201	-0.0127	-0.0043	0.4125	-1.9490	-0.0056	-0.0001	-0.0282	-0.0996	0.0000	0.0000	0.0000	0.0000	0.0000	0.0000	0.0000	0.0000
574.0000	3536915054.0000	28699.8548	-0.0114	-0.0058	-0.6110	-0.6012	-0.0019	-0.0001	0.0287	0.0208	0.0000	0.0000	0.0000	0.0000	0.0000	0.0000	0.0000	0.0000
575.0000	3536915055.0000	28753.2250	-0.0147	-0.0036	-0.7176	-0.6044	-0.0019	-0.0001	0.0122	-0.0389	0.0000	0.0000	0.0000	0.0000	0.0000	0.0000	0.0000	0.0000
576.0000	3536915056.0000	28799.9240	-0.0143	-0.0045	2.4273	-0.9698	-0.0029	-0.0001	0.1270	-0.1484	0.0000	0.0000	0.0000	0.0000	0.0000	0.0000	0.0000	0.0000
577.0000	3536915057.0000	28853.2942	-0.0119	-0.0033	1.1697	-1.0666	-0.0032	-0.0001	0.1867	-0.1490	0.0000	0.0000	0.0000	0.0000	0.0000	0.0000	0.0000	0.0000
578.0000	3536915058.0000	28903.3288	-0.0115	-0.0074	2.0234	0.6609	0.0015	-0.0001	0.0507	0.0593	0.0000	0.0000	0.0000	0.0000	0.0000	0.0000	0.0000	0.0000
579.0000	3536915058.0000	28950.0278	-0.0127	-0.0040	0.9942	-0.4588	-0.0015	-0.0001	-0.0927	-0.0797	0.0000	0.0000	0.0000	0.0000	0.0000	0.0000	0.0000	0.0000
580.0000	3536915059.0000	29000.0624	-0.0146	-0.0036	1.5364	-3.3757	-0.0096	-0.0001	0.0866	-0.0948	0.0000	0.0000	0.0000	0.0000	0.0000	0.0000	0.0000	0.0000
581.0000	3536915060.0000	29053.4327	-0.0117	-0.0048	2.1383	-0.4064	-0.0014	-0.0001	0.0951	-0.0199	0.0000	0.0000	0.0000	0.0000	0.0000	0.0000	0.0000	0.0000
582.0000	3536915061.0000	29100.1317	-0.0144	-0.0048	1.4099	-3.4256	-0.0097	-0.0002	-0.0270	0.1526	0.0000	0.0000	0.0000	0.0000	0.0000	0.0000	0.0000	0.0000
583.0000	3536915062.0000	29150.1663	-0.0109	-0.0034	1.7152	0.0011	-0.0003	-0.0001	0.2325	0.0077	0.0000	0.0000	0.0000	0.0000	0.0000	0.0000	0.0000	0.0000
584.0000	3536915063.0000	29203.5365	-0.0152	-0.0036	-0.3071	-2.2163	-0.0064	-0.0001	-0.1161	0.0333	0.0000	0.0000	0.0000	0.0000	0.0000	0.0000	0.0000	0.0000
585.0000	3536915063.0000	29253.5711	-0.0137	-0.0076	0.6077	-1.8687	-0.0054	-0.0001	0.0849	0.0308	0.0000	0.0000	0.0000	0.0000	0.0000	0.0000	0.0000	0.0000
586.0000	3536915064.0000	29303.6058	-0.0150	-0.0064	0.8665	-1.3714	-0.0040	-0.0001	-0.0712	-0.1246	0.0000	0.0000	0.0000	0.0000	0.0000	0.0000	0.0000	0.0000
587.0000	3536915065.0000	29353.6404	-0.0152	-0.0051	-0.0209	0.3908	0.0008	-0.0001	0.0095	-0.0454	0.0000	0.0000	0.0000	0.0000	0.0000	0.0000	0.0000	0.0000
588.0000	3536915066.0000	29400.3394	-0.0129	-0.0055	1.5182	-0.7687	-0.0024	-0.0001	0.0938	0.0523	0.0000	0.0000	0.0000	0.0000	0.0000	0.0000	0.0000	0.0000
589.0000	3536915067.0000	29453.7096	-0.0144	-0.0035	1.5711	-1.7117	-0.0050	-0.0001	-0.0118	0.0046	0.0000	0.0000	0.0000	0.0000	0.0000	0.0000	0.0000	0.0000
590.0000	3536915068.0000	29503.7442	-0.0129	-0.0065	3.7421	-0.3652	-0.0013	-0.0001	-0.1611	0.0069	0.0000	0.0000	0.0000	0.0000	0.0000	0.0000	0.0000	0.0000
591.0000	3536915068.0000	29550.4432	-0.0140	-0.0057	3.5629	-2.7055	-0.0077	-0.0001	-0.0504	-0.1369	0.0000	0.0000	0.0000	0.0000	0.0000	0.0000	0.0000	0.0000
592.0000	3536915069.0000	29600.4778	-0.0154	-0.0055	2.1332	-0.5153	-0.0017	-0.0001	-0.0567	0.0758	0.0000	0.0000	0.0000	0.0000	0.0000	0.0000	0.0000	0.0000
593.0000	3536915070.0000	29653.8481	-0.0139	-0.0005	1.9043	-0.0580	-0.0004	-0.0001	0.0254	0.0424	0.0000	0.0000	0.0000	0.0000	0.0000	0.0000	0.0000	0.0000
594.0000	3536915071.0000	29703.8827	-0.0153	-0.0067	3.3413	-2.3721	-0.0068	-0.0001	-0.0265	-0.0250	0.0000	0.0000	0.0000	0.0000	0.0000	0.0000	0.0000	0.0000
595.0000	3536915072.0000	29753.9173	-0.0149	-0.0026	2.9587	0.6233	0.0014	-0.0001	0.0367	0.0303	0.0000	0.0000	0.0000	0.0000	0.0000	0.0000	0.0000	0.0000
596.0000	3536915073.0000	29803.9519	-0.0146	-0.0032	3.0401	-0.4647	-0.0015	-0.0001	0.1472	-0.0181	0.0000	0.0000	0.0000	0.0000	0.0000	0.0000	0.0000	0.0000
597.0000	3536915073.0000	29853.9865	-0.0122	-0.0045	2.7749	-1.5786	-0.0046	-0.0001	0.0154	-0.0772	0.0000	0.0000	0.0000	0.0000	0.0000	0.0000	0.0000	0.0000
598.0000	3536915074.0000	29900.6855	-0.0134	-0.0052	3.4447	-2.0561	-0.0059	-0.0001	0.0084	-0.0694	0.0000	0.0000	0.0000	0.0000	0.0000	0.0000	0.0000	0.0000
599.0000	3536915075.0000	29950.7201	-0.0158	-0.0060	1.5400	0.0512	-0.0001	-0.0001	-0.0447	0.1825	0.0000	0.0000	0.0000	0.0000	0.0000	0.0000	0.0000	0.0000
600.0000	3536915076.0000	30000.7547	-0.0147	-0.0062	1.0515	0.0652	-0.0001	-0.0001	-0.0821	-0.0263	0.0000	0.0000	0.0000	0.0000	0.0000	0.0000	0.0000	0.0000
