Iteration	Time	Analog 0	Analog 1	Analog 2	Analog 3	Analog 4	Analog 5	Analog 6	Analog 7
0.0000	3536913705.0000	0.0000	4.9356	2.5390	3.9092	-3.6025	-0.0101	-0.0002	0.3401	-0.2003	0.0000	0.0000	0.0000	0.0000	0.0000	0.0000	0.0000	0.0000
1.0000	3536913706.0000	53.3703	5.0014	-2.2745	-3.4473	-2.8111	-0.0080	-0.0001	0.3177	-0.5844	0.0000	0.0000	0.0000	0.0000	0.0000	0.0000	0.0000	0.0000
2.0000	3536913706.0000	100.0692	1.2473	-4.9808	-1.6116	5.6222	0.0151	-0.0000	-0.0535	0.4777	0.0000	0.0000	0.0000	0.0000	0.0000	0.0000	0.0000	0.0000
3.0000	3536913707.0000	150.1038	-3.3128	-3.9256	4.9506	-0.2120	-0.0008	-0.0001	-0.1150	0.4054	0.0000	0.0000	0.0000	0.0000	0.0000	0.0000	0.0000	0.0000
4.0000	3536913708.0000	200.1385	-5.4082	-0.0317	-2.7720	-5.7703	-0.0161	-0.0001	0.5323	-0.0120	0.0000	0.0000	0.0000	0.0000	0.0000	0.0000	0.0000	0.0000
5.0000	3536913709.0000	253.5087	-3.2331	4.2090	-6.5708	3.1496	0.0083	-0.0001	-0.1555	0.3081	0.0000	0.0000	0.0000	0.0000	0.0000	0.0000	0.0000	0.0000
6.0000	3536913710.0000	300.2077	1.1244	5.0155	2.9810	6.6880	0.0181	-0.0000	-0.6850	-0.4860	0.0000	0.0000	0.0000	0.0000	0.0000	0.0000	0.0000	0.0000
7.0000	3536913711.0000	353.5779	4.7305	2.0318	5.4641	-3.2305	-0.0091	-0.0001	-0.4299	-0.4764	0.0000	0.0000	0.0000	0.0000	0.0000	0.0000	0.0000	0.0000
8.0000	3536913711.0000	400.2769	4.8307	-2.7552	-4.0076	-5.1080	-0.0143	-0.0001	-0.2115	-0.1984	0.0000	0.0000	0.0000	0.0000	0.0000	0.0000	0.0000	0.0000
9.0000	3536913712.0000	453.6472	0.8823	-5.1734	-2.2076	3.6413	0.0097	-0.0001	-0.2960	0.0931	0.0000	0.0000	0.0000	0.0000	0.0000	0.0000	0.0000	0.0000
10.0000	3536913713.0000	503.6818	-3.5574	-3.8642	3.8227	0.4964	0.0011	-0.0001	0.2215	-0.1322	0.0000	0.0000	0.0000	0.0000	0.0000	0.0000	0.0000	0.0000
11.0000	3536913714.0000	550.3808	-5.3172	0.5668	-2.1214	-3.3472	-0.0094	-0.0001	0.4162	0.0378	0.0000	0.0000	0.0000	0.0000	0.0000	0.0000	0.0000	0.0000
12.0000	3536913715.0000	603.7510	-3.0392	4.5088	-3.4096	4.6379	0.0124	-0.0001	-0.6123	-0.4640	0.0000	0.0000	0.0000	0.0000	0.0000	0.0000	0.0000	0.0000
13.0000	3536913716.0000	650.4500	1.2705	5.1884	4.9060	3.3740	0.0090	-0.0001	-0.0018	-0.2036	0.0000	0.0000	0.0000	0.0000	0.0000	0.0000	0.0000	0.0000
14.0000	3536913716.0000	703.8202	4.8240	1.8911	2.9129	-7.6413	-0.0214	-0.0002	-0.2455	0.0969	0.0000	0.0000	0.0000	0.0000	0.0000	0.0000	0.0000	0.0000
15.0000	3536913717.0000	753.8549	4.4185	-2.8386	-6.7769	-3.5704	-0.0101	-0.0001	-0.3765	0.1923	0.0000	0.0000	0.0000	0.0000	0.0000	0.0000	0.0000	0.0000
16.0000	3536913718.0000	800.5538	0.5234	-5.4166	-3.2666	8.1992	0.0223	-0.0000	0.0418	-0.6802	0.0000	0.0000	0.0000	0.0000	0.0000	0.0000	0.0000	0.0000
17.0000	3536913719.0000	850.5884	-3.6735	-3.9255	5.9708	2.7229	0.0072	-0.0001	0.2908	0.1206	0.0000	0.0000	0.0000	0.0000	0.0000	0.0000	0.0000	0.0000
18.0000	3536913720.0000	903.9587	-5.1844	0.5687	1.8561	-4.6350	-0.0130	-0.0001	0.1704	-0.2388	0.0000	0.0000	0.0000	0.0000	0.0000	0.0000	0.0000	0.0000
19.0000	3536913721.0000	950.6577	-2.7504	4.5455	-2.7567	1.0698	0.0026	-0.0001	0.0297	0.0083	0.0000	0.0000	0.0000	0.0000	0.0000	0.0000	0.0000	0.0000
20.0000	3536913722.0000	1004.0279	1.9843	5.0245	3.2186	0.8643	0.0021	-0.0001	-0.0846	0.0346	0.0000	0.0000	0.0000	0.0000	0.0000	0.0000	0.0000	0.0000
21.0000	3536913722.0000	1054.0625	5.0942	1.7196	-0.4844	-5.0305	-0.0141	-0.0002	0.5556	-0.1583	0.0000	0.0000	0.0000	0.0000	0.0000	0.0000	0.0000	0.0000
22.0000	3536913723.0000	1104.0972	4.2423	-2.9119	-6.6560	0.8185	0.0020	-0.0001	-0.3348	-0.3964	0.0000	0.0000	0.0000	0.0000	0.0000	0.0000	0.0000	0.0000
23.0000	3536913724.0000	1154.1318	0.2343	-5.2674	0.6899	8.4404	0.0229	-0.0000	-0.3739	-0.1910	0.0000	0.0000	0.0000	0.0000	0.0000	0.0000	0.0000	0.0000
24.0000	3536913725.0000	1200.8307	-4.0224	-3.6762	8.6728	-1.5823	-0.0046	-0.0001	0.5514	-0.4089	0.0000	0.0000	0.0000	0.0000	0.0000	0.0000	0.0000	0.0000
25.0000	3536913726.0000	1250.8654	-5.2854	0.6353	-1.5009	-7.0502	-0.0197	-0.0002	0.5279	0.5771	0.0000	0.0000	0.0000	0.0000	0.0000	0.0000	0.0000	0.0000
26.0000	3536913727.0000	1304.2356	-2.4772	4.5215	-6.0941	1.9897	0.0052	-0.0001	-0.3552	0.1091	0.0000	0.0000	0.0000	0.0000	0.0000	0.0000	0.0000	0.0000
27.0000	3536913727.0000	1354.2702	2.3053	4.8435	2.3576	5.1307	0.0138	-0.0001	0.1756	0.0904	0.0000	0.0000	0.0000	0.0000	0.0000	0.0000	0.0000	0.0000
28.0000	3536913728.0000	1404.3048	5.2844	1.3797	2.7058	-3.2548	-0.0092	-0.0001	-0.2793	-0.2851	0.0000	0.0000	0.0000	0.0000	0.0000	0.0000	0.0000	0.0000
29.0000	3536913729.0000	1451.0038	4.3913	-3.0068	-3.0172	-1.1341	-0.0034	-0.0001	-0.2994	-0.5989	0.0000	0.0000	0.0000	0.0000	0.0000	0.0000	0.0000	0.0000
30.0000	3536913730.0000	1501.0384	0.1880	-5.1017	1.5745	4.5728	0.0123	-0.0001	-0.2587	0.2415	0.0000	0.0000	0.0000	0.0000	0.0000	0.0000	0.0000	0.0000
31.0000	3536913731.0000	1554.4087	-4.1289	-3.3349	3.9866	-2.4456	-0.0070	-0.0001	-0.1161	-0.5257	0.0000	0.0000	0.0000	0.0000	0.0000	0.0000	0.0000	0.0000
32.0000	3536913732.0000	1604.4433	-5.3365	1.0655	-4.0919	-5.0656	-0.0142	-0.0001	0.5343	-0.3875	0.0000	0.0000	0.0000	0.0000	0.0000	0.0000	0.0000	0.0000
33.0000	3536913732.0000	1651.1423	-2.5704	4.5924	-5.0870	4.4608	0.0119	-0.0001	0.1706	-0.0533	0.0000	0.0000	0.0000	0.0000	0.0000	0.0000	0.0000	0.0000
34.0000	3536913733.0000	1704.5125	2.1169	4.7027	5.9263	5.7113	0.0154	-0.0001	-0.4777	-0.2760	0.0000	0.0000	0.0000	0.0000	0.0000	0.0000	0.0000	0.0000
35.0000	3536913734.0000	1751.2115	5.1687	1.1919	4.8289	-5.5601	-0.0156	-0.0002	-0.2003	-0.1771	0.0000	0.0000	0.0000	0.0000	0.0000	0.0000	0.0000	0.0000
36.0000	3536913735.0000	1804.5818	4.1825	-3.4102	-6.4794	-4.0105	-0.0113	-0.0001	0.0803	-0.4124	0.0000	0.0000	0.0000	0.0000	0.0000	0.0000	0.0000	0.0000
37.0000	3536913736.0000	1851.2807	0.2506	-5.2799	-2.5022	4.0618	0.0109	-0.0001	0.2409	-0.0586	0.0000	0.0000	0.0000	0.0000	0.0000	0.0000	0.0000	0.0000
38.0000	3536913737.0000	1904.6510	-4.0436	-3.1771	3.6193	0.6061	0.0014	-0.0001	0.1815	0.4712	0.0000	0.0000	0.0000	0.0000	0.0000	0.0000	0.0000	0.0000
39.0000	3536913737.0000	1951.3500	-5.1557	1.2198	-1.7189	-3.0712	-0.0087	-0.0001	-0.5152	-0.1053	0.0000	0.0000	0.0000	0.0000	0.0000	0.0000	0.0000	0.0000
40.0000	3536913738.0000	2004.7202	-2.3416	4.8702	-1.5966	4.0620	0.0109	-0.0001	0.1185	-0.5659	0.0000	0.0000	0.0000	0.0000	0.0000	0.0000	0.0000	0.0000
41.0000	3536913739.0000	2054.7548	2.1919	4.7724	5.4512	0.6179	0.0014	-0.0001	0.3489	-0.7502	0.0000	0.0000	0.0000	0.0000	0.0000	0.0000	0.0000	0.0000
42.0000	3536913740.0000	2104.7894	4.9994	1.0032	1.3658	-7.6509	-0.0214	-0.0001	0.2803	0.0311	0.0000	0.0000	0.0000	0.0000	0.0000	0.0000	0.0000	0.0000
43.0000	3536913741.0000	2151.4884	3.9428	-3.5091	-8.1174	-0.7343	-0.0023	-0.0001	-0.2366	-0.0783	0.0000	0.0000	0.0000	0.0000	0.0000	0.0000	0.0000	0.0000
44.0000	3536913742.0000	2204.8587	-0.2611	-5.4421	-0.9639	9.2207	0.0251	-0.0000	0.4167	-0.0321	0.0000	0.0000	0.0000	0.0000	0.0000	0.0000	0.0000	0.0000
45.0000	3536913742.0000	2251.5576	-4.1543	-3.2551	6.4743	-0.2439	-0.0009	-0.0001	0.3550	0.0601	0.0000	0.0000	0.0000	0.0000	0.0000	0.0000	0.0000	0.0000
46.0000	3536913743.0000	2301.5923	-5.0040	1.3665	-0.6746	-5.9581	-0.0166	-0.0001	-0.0925	0.0597	0.0000	0.0000	0.0000	0.0000	0.0000	0.0000	0.0000	0.0000
47.0000	3536913744.0000	2351.6269	-1.8965	4.9005	-3.7634	1.0119	0.0025	-0.0001	-0.2312	0.1271	0.0000	0.0000	0.0000	0.0000	0.0000	0.0000	0.0000	0.0000
48.0000	3536913745.0000	2401.6615	2.5583	4.7149	2.9198	0.8198	0.0020	-0.0001	0.4398	-0.5050	0.0000	0.0000	0.0000	0.0000	0.0000	0.0000	0.0000	0.0000
49.0000	3536913746.0000	2455.0317	5.1151	0.9625	-1.2780	-4.1207	-0.0116	-0.0001	-0.0020	-0.2757	0.0000	0.0000	0.0000	0.0000	0.0000	0.0000	0.0000	0.0000
50.0000	3536913747.0000	2498.3951	4.0447	-3.2509	-5.7744	0.5676	0.0013	-0.0001	0.3313	-0.1737	0.0000	0.0000	0.0000	0.0000	0.0000	0.0000	0.0000	0.0000
51.0000	3536913747.0000	2551.7653	-0.2572	-5.2639	2.0682	6.5910	0.0178	-0.0000	0.1492	-0.0973	0.0000	0.0000	0.0000	0.0000	0.0000	0.0000	0.0000	0.0000
52.0000	3536913748.0000	2601.7999	-4.3171	-3.2910	6.8005	-3.2468	-0.0092	-0.0001	-0.3300	0.1812	0.0000	0.0000	0.0000	0.0000	0.0000	0.0000	0.0000	0.0000
53.0000	3536913749.0000	2648.4989	-5.1365	1.0979	-3.3898	-6.3285	-0.0177	-0.0001	0.1195	0.0166	0.0000	0.0000	0.0000	0.0000	0.0000	0.0000	0.0000	0.0000
54.0000	3536913750.0000	2701.8692	-2.0484	4.6098	-6.1588	2.7896	0.0074	-0.0001	-0.2907	0.6638	0.0000	0.0000	0.0000	0.0000	0.0000	0.0000	0.0000	0.0000
55.0000	3536913751.0000	2751.9038	2.6467	4.5945	3.1202	3.6368	0.0097	-0.0001	0.1521	-1.0763	0.0000	0.0000	0.0000	0.0000	0.0000	0.0000	0.0000	0.0000
56.0000	3536913752.0000	2798.6028	5.2723	0.9338	3.5056	-4.3127	-0.0121	-0.0001	-0.1934	0.0354	0.0000	0.0000	0.0000	0.0000	0.0000	0.0000	0.0000	0.0000
57.0000	3536913752.0000	2851.9730	3.9313	-3.3919	-4.2337	-1.1274	-0.0034	-0.0001	-0.1582	-0.1111	0.0000	0.0000	0.0000	0.0000	0.0000	0.0000	0.0000	0.0000
58.0000	3536913753.0000	2898.6720	-0.2383	-5.2171	-0.0458	3.4288	0.0091	-0.0001	0.6831	0.3018	0.0000	0.0000	0.0000	0.0000	0.0000	0.0000	0.0000	0.0000
59.0000	3536913754.0000	2952.0422	-4.3839	-2.9042	3.3528	-2.3208	-0.0066	-0.0001	0.3197	-0.6111	0.0000	0.0000	0.0000	0.0000	0.0000	0.0000	0.0000	0.0000
60.0000	3536913755.0000	2998.7412	-5.2559	1.4661	-4.6398	-3.1008	-0.0088	-0.0001	-0.1430	0.2895	0.0000	0.0000	0.0000	0.0000	0.0000	0.0000	0.0000	0.0000
61.0000	3536913756.0000	3048.7758	-2.0855	4.7916	-2.9616	5.6375	0.0152	-0.0000	0.7130	-0.4638	0.0000	0.0000	0.0000	0.0000	0.0000	0.0000	0.0000	0.0000
62.0000	3536913757.0000	3102.1461	2.6427	4.3712	6.8458	3.4047	0.0090	-0.0001	-0.0469	-0.1548	0.0000	0.0000	0.0000	0.0000	0.0000	0.0000	0.0000	0.0000
63.0000	3536913757.0000	3148.8451	5.2501	0.5548	1.7970	-7.0719	-0.0198	-0.0002	-0.2249	-0.2383	0.0000	0.0000	0.0000	0.0000	0.0000	0.0000	0.0000	0.0000
64.0000	3536913758.0000	3202.2153	3.8613	-3.7404	-6.9727	-3.0736	-0.0087	-0.0001	-0.0527	0.0699	0.0000	0.0000	0.0000	0.0000	0.0000	0.0000	0.0000	0.0000
65.0000	3536913759.0000	3252.2499	-0.4314	-5.2176	-0.6576	5.3772	0.0145	-0.0001	-0.3587	-0.2457	0.0000	0.0000	0.0000	0.0000	0.0000	0.0000	0.0000	0.0000
66.0000	3536913760.0000	3302.2845	-4.4254	-2.6537	4.5908	0.8900	0.0022	-0.0001	0.1960	-0.0373	0.0000	0.0000	0.0000	0.0000	0.0000	0.0000	0.0000	0.0000
67.0000	3536913761.0000	3348.9835	-5.0207	1.9335	-1.9659	-2.8308	-0.0080	-0.0001	-0.5555	0.7607	0.0000	0.0000	0.0000	0.0000	0.0000	0.0000	0.0000	0.0000
68.0000	3536913762.0000	3402.3538	-1.8430	5.0643	-1.3952	3.1961	0.0085	-0.0001	-0.5221	0.0694	0.0000	0.0000	0.0000	0.0000	0.0000	0.0000	0.0000	0.0000
69.0000	3536913762.0000	3449.0527	2.5671	4.3900	4.2220	-0.1091	-0.0006	-0.0001	0.2198	0.1328	0.0000	0.0000	0.0000	0.0000	0.0000	0.0000	0.0000	0.0000
70.0000	3536913763.0000	3499.0874	5.1505	0.5639	-0.5940	-6.5102	-0.0182	-0.0002	-0.3856	-0.4654	0.0000	0.0000	0.0000	0.0000	0.0000	0.0000	0.0000	0.0000
71.0000	3536913764.0000	3552.4576	3.5627	-3.9241	-8.0257	1.3774	0.0035	-0.0001	0.1288	0.2456	0.0000	0.0000	0.0000	0.0000	0.0000	0.0000	0.0000	0.0000
72.0000	3536913765.0000	3602.4922	-0.6450	-5.2992	0.7818	8.5216	0.0232	-0.0000	-0.2238	0.4762	0.0000	0.0000	0.0000	0.0000	0.0000	0.0000	0.0000	0.0000
73.0000	3536913766.0000	3652.5268	-4.4613	-2.6761	7.0616	-1.8816	-0.0054	-0.0001	-0.1875	0.7161	0.0000	0.0000	0.0000	0.0000	0.0000	0.0000	0.0000	0.0000
74.0000	3536913767.0000	3699.2258	-4.8733	1.8161	-1.7080	-6.3046	-0.0176	-0.0001	-0.6140	0.4837	0.0000	0.0000	0.0000	0.0000	0.0000	0.0000	0.0000	0.0000
75.0000	3536913767.0000	3752.5961	-1.4007	5.1064	-3.7109	2.3490	0.0062	-0.0001	-0.4665	0.3266	0.0000	0.0000	0.0000	0.0000	0.0000	0.0000	0.0000	0.0000
76.0000	3536913768.0000	3799.2950	3.0234	4.4249	3.2652	1.7299	0.0045	-0.0001	-0.3963	-0.1928	0.0000	0.0000	0.0000	0.0000	0.0000	0.0000	0.0000	0.0000
77.0000	3536913769.0000	3849.3297	5.1594	0.3760	-0.7832	-4.1522	-0.0117	-0.0001	0.8601	-0.0271	0.0000	0.0000	0.0000	0.0000	0.0000	0.0000	0.0000	0.0000
78.0000	3536913770.0000	3902.6999	3.2896	-3.8729	-4.3525	1.5064	0.0038	-0.0001	-0.2175	0.4967	0.0000	0.0000	0.0000	0.0000	0.0000	0.0000	0.0000	0.0000
79.0000	3536913771.0000	3949.3989	-1.0169	-5.1443	3.1477	4.5134	0.0121	-0.0001	0.6620	-0.4839	0.0000	0.0000	0.0000	0.0000	0.0000	0.0000	0.0000	0.0000
80.0000	3536913772.0000	4002.7691	-4.6694	-2.5366	5.0092	-4.2234	-0.0119	-0.0001	0.0664	-0.0379	0.0000	0.0000	0.0000	0.0000	0.0000	0.0000	0.0000	0.0000
81.0000	3536913772.0000	4049.4681	-4.6954	2.0569	-5.1862	-4.0041	-0.0113	-0.0001	0.1066	-0.3704	0.0000	0.0000	0.0000	0.0000	0.0000	0.0000	0.0000	0.0000
82.0000	3536913773.0000	4102.8384	-1.2002	4.9591	-4.5058	4.7793	0.0128	-0.0001	-0.3890	0.1309	0.0000	0.0000	0.0000	0.0000	0.0000	0.0000	0.0000	0.0000
83.0000	3536913774.0000	4152.8730	3.3626	4.1443	5.5397	3.2396	0.0085	-0.0001	-0.3132	-0.7195	0.0000	0.0000	0.0000	0.0000	0.0000	0.0000	0.0000	0.0000
84.0000	3536913775.0000	4202.9076	5.2796	0.1142	1.8937	-4.7483	-0.0133	-0.0001	-0.3624	-0.0590	0.0000	0.0000	0.0000	0.0000	0.0000	0.0000	0.0000	0.0000
85.0000	3536913776.0000	4252.9422	3.2604	-3.9903	-4.9773	-0.4958	-0.0016	-0.0001	-0.2881	0.0095	0.0000	0.0000	0.0000	0.0000	0.0000	0.0000	0.0000	0.0000
86.0000	3536913777.0000	4302.9768	-1.3366	-4.9957	1.5772	4.0964	0.0110	-0.0001	0.1658	0.1794	0.0000	0.0000	0.0000	0.0000	0.0000	0.0000	0.0000	0.0000
87.0000	3536913778.0000	4349.6758	-4.8822	-2.2057	2.6693	-2.1822	-0.0063	-0.0001	-0.4060	0.1160	0.0000	0.0000	0.0000	0.0000	0.0000	0.0000	0.0000	0.0000
88.0000	3536913778.0000	4399.7104	-4.9200	2.1661	-4.3917	-2.0552	-0.0059	-0.0001	0.1353	-0.1753	0.0000	0.0000	0.0000	0.0000	0.0000	0.0000	0.0000	0.0000
89.0000	3536913779.0000	4453.0807	-1.2232	5.0182	-0.3565	6.0764	0.0164	-0.0001	-0.2602	0.2183	0.0000	0.0000	0.0000	0.0000	0.0000	0.0000	0.0000	0.0000
90.0000	3536913780.0000	4503.1153	3.4126	3.8299	7.0069	-0.0804	-0.0005	-0.0001	0.5192	-0.5280	0.0000	0.0000	0.0000	0.0000	0.0000	0.0000	0.0000	0.0000
91.0000	3536913781.0000	4549.8143	5.3608	-0.2284	0.1249	-8.4073	-0.0235	-0.0002	0.0685	-0.6043	0.0000	0.0000	0.0000	0.0000	0.0000	0.0000	0.0000	0.0000
92.0000	3536913782.0000	4599.8489	3.2992	-4.2231	-7.6653	-0.4329	-0.0015	-0.0001	-0.4410	-0.1348	0.0000	0.0000	0.0000	0.0000	0.0000	0.0000	0.0000	0.0000
93.0000	3536913783.0000	4653.2191	-1.2749	-5.0284	0.4314	6.8109	0.0184	-0.0000	-0.3383	0.1581	0.0000	0.0000	0.0000	0.0000	0.0000	0.0000	0.0000	0.0000
94.0000	3536913783.0000	4703.2537	-4.8366	-1.8704	5.7788	-0.9614	-0.0029	-0.0001	0.3598	-0.3391	0.0000	0.0000	0.0000	0.0000	0.0000	0.0000	0.0000	0.0000
95.0000	3536913784.0000	4749.9527	-4.7019	2.7051	-1.8915	-2.5919	-0.0074	-0.0001	0.4366	0.3023	0.0000	0.0000	0.0000	0.0000	0.0000	0.0000	0.0000	0.0000
96.0000	3536913785.0000	4799.9873	-1.0437	5.2357	-0.7698	3.0361	0.0080	-0.0001	-0.3023	-0.0867	0.0000	0.0000	0.0000	0.0000	0.0000	0.0000	0.0000	0.0000
97.0000	3536913786.0000	4853.3576	3.4012	3.7642	4.0795	-1.8020	-0.0052	-0.0001	0.1063	-0.1012	0.0000	0.0000	0.0000	0.0000	0.0000	0.0000	0.0000	0.0000
98.0000	3536913787.0000	4903.3922	5.1172	-0.5609	-3.1234	-5.2907	-0.0148	-0.0001	-0.5636	0.3055	0.0000	0.0000	0.0000	0.0000	0.0000	0.0000	0.0000	0.0000
99.0000	3536913788.0000	4950.0912	2.8956	-4.5728	-5.7810	4.0771	0.0109	-0.0001	-0.6333	-0.0379	0.0000	0.0000	0.0000	0.0000	0.0000	0.0000	0.0000	0.0000
100.0000	3536913788.0000	5000.1258	-1.5594	-5.1081	3.8995	6.8327	0.0185	-0.0001	0.3100	0.1633	0.0000	0.0000	0.0000	0.0000	0.0000	0.0000	0.0000	0.0000
101.0000	3536913789.0000	5053.4960	-4.7361	-1.8031	6.6493	-3.4872	-0.0098	-0.0001	-0.1430	-0.4109	0.0000	0.0000	0.0000	0.0000	0.0000	0.0000	0.0000	0.0000
102.0000	3536913790.0000	5100.1950	-4.3761	2.7795	-2.6561	-5.1663	-0.0145	-0.0001	-0.1480	-0.1707	0.0000	0.0000	0.0000	0.0000	0.0000	0.0000	0.0000	0.0000
103.0000	3536913791.0000	5150.2296	-0.7097	5.3816	-3.7737	4.3757	0.0117	-0.0001	-0.5301	0.6532	0.0000	0.0000	0.0000	0.0000	0.0000	0.0000	0.0000	0.0000
104.0000	3536913792.0000	5200.2642	3.5763	3.9438	2.9210	2.0141	0.0052	-0.0001	-0.1423	-0.4149	0.0000	0.0000	0.0000	0.0000	0.0000	0.0000	0.0000	0.0000
105.0000	3536913793.0000	5253.6345	5.0815	-0.5978	-0.5899	-3.9100	-0.0110	-0.0002	1.0372	-0.0290	0.0000	0.0000	0.0000	0.0000	0.0000	0.0000	0.0000	0.0000
106.0000	3536913793.0000	5300.3335	2.5751	-4.4890	-4.3249	2.7522	0.0072	-0.0001	0.1852	0.0705	0.0000	0.0000	0.0000	0.0000	0.0000	0.0000	0.0000	0.0000
107.0000	3536913794.0000	5350.3681	-1.8834	-4.9844	4.6764	4.4591	0.0119	-0.0001	-0.1666	-0.4249	0.0000	0.0000	0.0000	0.0000	0.0000	0.0000	0.0000	0.0000
108.0000	3536913795.0000	5400.4027	-4.9118	-1.7802	3.9811	-5.2592	-0.0147	-0.0002	-0.5540	-0.2697	0.0000	0.0000	0.0000	0.0000	0.0000	0.0000	0.0000	0.0000
109.0000	3536913796.0000	5453.7730	-4.2648	2.7459	-6.3677	-2.7089	-0.0077	-0.0001	-0.2128	-0.5985	0.0000	0.0000	0.0000	0.0000	0.0000	0.0000	0.0000	0.0000
110.0000	3536913797.0000	5503.8076	-0.2756	5.1128	-1.9984	5.9210	0.0160	-0.0001	0.1357	0.2133	0.0000	0.0000	0.0000	0.0000	0.0000	0.0000	0.0000	0.0000
111.0000	3536913798.0000	5553.8422	3.9607	3.5226	5.9915	0.7096	0.0016	-0.0001	-0.3015	0.2625	0.0000	0.0000	0.0000	0.0000	0.0000	0.0000	0.0000	0.0000
112.0000	3536913798.0000	5600.5412	5.1730	-0.7192	0.4004	-6.0077	-0.0168	-0.0002	-0.0971	0.2721	0.0000	0.0000	0.0000	0.0000	0.0000	0.0000	0.0000	0.0000
113.0000	3536913799.0000	5650.5758	2.4241	-4.3962	-4.8995	0.1714	0.0002	-0.0001	0.0656	0.1805	0.0000	0.0000	0.0000	0.0000	0.0000	0.0000	0.0000	0.0000
114.0000	3536913800.0000	5700.6104	-2.0358	-4.8650	1.0667	3.5927	0.0096	-0.0001	0.3189	-0.2926	0.0000	0.0000	0.0000	0.0000	0.0000	0.0000	0.0000	0.0000
115.0000	3536913801.0000	5750.6450	-5.2199	-1.4965	2.5153	-2.2039	-0.0063	-0.0001	0.3876	0.1900	0.0000	0.0000	0.0000	0.0000	0.0000	0.0000	0.0000	0.0000
116.0000	3536913802.0000	5804.0153	-4.2708	2.9849	-3.5541	-0.4365	-0.0015	-0.0001	0.2188	-0.0570	0.0000	0.0000	0.0000	0.0000	0.0000	0.0000	0.0000	0.0000
117.0000	3536913803.0000	5850.7142	-0.2262	5.1469	0.7366	6.3328	0.0171	-0.0000	-0.2153	0.7882	0.0000	0.0000	0.0000	0.0000	0.0000	0.0000	0.0000	0.0000
118.0000	3536913803.0000	5904.0845	4.0087	3.2393	6.2306	-2.6063	-0.0074	-0.0001	-0.5118	-0.0936	0.0000	0.0000	0.0000	0.0000	0.0000	0.0000	0.0000	0.0000
119.0000	3536913804.0000	5950.7835	5.2305	-1.1966	-2.8348	-7.8832	-0.0221	-0.0002	-0.3450	0.0256	0.0000	0.0000	0.0000	0.0000	0.0000	0.0000	0.0000	0.0000
120.0000	3536913805.0000	6000.8181	2.3633	-4.5532	-7.6883	2.8659	0.0076	-0.0001	0.5712	0.2105	0.0000	0.0000	0.0000	0.0000	0.0000	0.0000	0.0000	0.0000
121.0000	3536913806.0000	6050.8527	-2.2281	-4.5131	3.1633	7.6139	0.0207	-0.0000	0.5735	-0.1474	0.0000	0.0000	0.0000	0.0000	0.0000	0.0000	0.0000	0.0000
122.0000	3536913807.0000	6100.8873	-5.2337	-1.1126	4.5173	-3.3991	-0.0096	-0.0001	0.5490	0.3873	0.0000	0.0000	0.0000	0.0000	0.0000	0.0000	0.0000	0.0000
123.0000	3536913808.0000	6154.2576	-4.1983	3.3855	-3.0929	-2.6727	-0.0076	-0.0001	0.4336	-0.1118	0.0000	0.0000	0.0000	0.0000	0.0000	0.0000	0.0000	0.0000
124.0000	3536913808.0000	6204.2922	-0.0019	5.2618	-0.4903	1.9955	0.0052	-0.0001	-0.6766	-0.1917	0.0000	0.0000	0.0000	0.0000	0.0000	0.0000	0.0000	0.0000
125.0000	3536913809.0000	6250.9911	4.0876	3.2096	4.5174	-2.2127	-0.0064	-0.0001	0.2568	-0.3163	0.0000	0.0000	0.0000	0.0000	0.0000	0.0000	0.0000	0.0000
126.0000	3536913810.0000	6304.3614	4.9883	-1.4652	-4.1381	-3.0724	-0.0087	-0.0001	-0.5630	0.2531	0.0000	0.0000	0.0000	0.0000	0.0000	0.0000	0.0000	0.0000
127.0000	3536913811.0000	6354.3960	2.0705	-4.9217	-4.9817	5.7931	0.0156	-0.0001	0.0868	-0.3908	0.0000	0.0000	0.0000	0.0000	0.0000	0.0000	0.0000	0.0000
128.0000	3536913812.0000	6401.0950	-2.3476	-4.7435	5.6594	4.9229	0.0132	-0.0001	0.3697	0.2154	0.0000	0.0000	0.0000	0.0000	0.0000	0.0000	0.0000	0.0000
129.0000	3536913813.0000	6454.4652	-4.9664	-0.9063	4.8020	-5.5816	-0.0156	-0.0001	0.5362	-0.4646	0.0000	0.0000	0.0000	0.0000	0.0000	0.0000	0.0000	0.0000
130.0000	3536913813.0000	6504.4999	-3.7303	3.5557	-5.2123	-3.3082	-0.0093	-0.0001	-0.2447	0.9670	0.0000	0.0000	0.0000	0.0000	0.0000	0.0000	0.0000	0.0000
131.0000	3536913814.0000	6551.1988	0.3510	5.2798	-1.9571	5.3144	0.0143	-0.0001	-0.0972	0.1979	0.0000	0.0000	0.0000	0.0000	0.0000	0.0000	0.0000	0.0000
132.0000	3536913815.0000	6604.5691	4.2458	2.9808	4.6161	-0.5823	-0.0019	-0.0001	-0.1353	0.2017	0.0000	0.0000	0.0000	0.0000	0.0000	0.0000	0.0000	0.0000
133.0000	3536913816.0000	6654.6037	4.8503	-1.5593	-1.2366	-4.2063	-0.0118	-0.0002	0.2956	-0.3041	0.0000	0.0000	0.0000	0.0000	0.0000	0.0000	0.0000	0.0000
134.0000	3536913817.0000	6701.3027	1.9037	-5.0088	-2.2391	2.4141	0.0063	-0.0001	0.3446	-0.1320	0.0000	0.0000	0.0000	0.0000	0.0000	0.0000	0.0000	0.0000
135.0000	3536913818.0000	6754.6729	-2.7056	-4.5848	4.5459	2.3457	0.0062	-0.0001	0.2274	0.1546	0.0000	0.0000	0.0000	0.0000	0.0000	0.0000	0.0000	0.0000
136.0000	3536913818.0000	6804.7075	-5.1101	-0.8143	1.0439	-5.5794	-0.0156	-0.0002	0.3070	-0.2536	0.0000	0.0000	0.0000	0.0000	0.0000	0.0000	0.0000	0.0000
137.0000	3536913819.0000	6854.7422	-3.6058	3.6175	-6.2733	-0.0940	-0.0005	-0.0001	-0.1444	0.6934	0.0000	0.0000	0.0000	0.0000	0.0000	0.0000	0.0000	0.0000
138.0000	3536913820.0000	6904.7768	0.7247	5.1689	0.6929	5.5620	0.0150	-0.0001	-0.0411	-0.4141	0.0000	0.0000	0.0000	0.0000	0.0000	0.0000	0.0000	0.0000
139.0000	3536913821.0000	6954.8114	4.4609	2.7685	6.7376	-1.9494	-0.0056	-0.0002	-0.8310	0.0866	0.0000	0.0000	0.0000	0.0000	0.0000	0.0000	0.0000	0.0000
140.0000	3536913822.0000	7004.8460	4.8615	-1.7036	-2.3278	-6.8067	-0.0190	-0.0002	-0.0363	0.5142	0.0000	0.0000	0.0000	0.0000	0.0000	0.0000	0.0000	0.0000
141.0000	3536913823.0000	7054.8806	1.5067	-4.8518	-5.4101	2.1138	0.0055	-0.0001	-0.2711	-0.1669	0.0000	0.0000	0.0000	0.0000	0.0000	0.0000	0.0000	0.0000
142.0000	3536913823.0000	7104.9152	-3.1362	-4.3009	2.0472	3.0787	0.0081	-0.0001	0.0151	0.1803	0.0000	0.0000	0.0000	0.0000	0.0000	0.0000	0.0000	0.0000
143.0000	3536913824.0000	7151.6142	-5.3051	-0.4026	2.1893	-2.7719	-0.0079	-0.0001	0.7959	0.0570	0.0000	0.0000	0.0000	0.0000	0.0000	0.0000	0.0000	0.0000
144.0000	3536913825.0000	7201.6488	-3.5581	3.6767	-2.8099	-0.1801	-0.0008	-0.0001	0.1416	-0.1049	0.0000	0.0000	0.0000	0.0000	0.0000	0.0000	0.0000	0.0000
145.0000	3536913826.0000	7251.6834	0.8681	5.0547	2.4830	4.4555	0.0119	-0.0001	0.0012	0.3179	0.0000	0.0000	0.0000	0.0000	0.0000	0.0000	0.0000	0.0000
146.0000	3536913827.0000	7301.7180	4.6016	2.3887	3.8817	-4.6915	-0.0132	-0.0001	-0.4398	-0.2273	0.0000	0.0000	0.0000	0.0000	0.0000	0.0000	0.0000	0.0000
147.0000	3536913828.0000	7351.7527	5.1127	-1.9410	-5.2268	-6.8798	-0.0192	-0.0002	0.3174	-0.0426	0.0000	0.0000	0.0000	0.0000	0.0000	0.0000	0.0000	0.0000
148.0000	3536913828.0000	7405.1229	1.4648	-4.8670	-5.8678	4.5563	0.0122	-0.0001	-0.3820	0.2739	0.0000	0.0000	0.0000	0.0000	0.0000	0.0000	0.0000	0.0000
149.0000	3536913829.0000	7451.8219	-3.1484	-4.0956	5.5637	5.7127	0.0154	-0.0001	0.0330	0.0300	0.0000	0.0000	0.0000	0.0000	0.0000	0.0000	0.0000	0.0000
150.0000	3536913830.0000	7498.5209	-5.3944	-0.3250	4.7037	-4.2047	-0.0118	-0.0001	-0.2909	0.8262	0.0000	0.0000	0.0000	0.0000	0.0000	0.0000	0.0000	0.0000
151.0000	3536913831.0000	7548.5555	-3.7146	3.7373	-3.7879	-2.5187	-0.0072	-0.0001	-0.6987	0.2047	0.0000	0.0000	0.0000	0.0000	0.0000	0.0000	0.0000	0.0000
152.0000	3536913832.0000	7601.9257	0.5793	5.1005	-1.0247	2.5604	0.0067	-0.0001	-0.3748	-0.3906	0.0000	0.0000	0.0000	0.0000	0.0000	0.0000	0.0000	0.0000
153.0000	3536913833.0000	7648.6247	4.3838	2.5064	3.0094	-1.1706	-0.0035	-0.0001	-0.2808	-0.1714	0.0000	0.0000	0.0000	0.0000	0.0000	0.0000	0.0000	0.0000
154.0000	3536913833.0000	7698.6593	4.8196	-2.0498	-4.4718	-2.3935	-0.0068	-0.0001	-0.0387	0.7857	0.0000	0.0000	0.0000	0.0000	0.0000	0.0000	0.0000	0.0000
155.0000	3536913834.0000	7752.0296	1.5730	-5.0596	-2.9883	6.0572	0.0163	-0.0001	-0.5473	0.0066	0.0000	0.0000	0.0000	0.0000	0.0000	0.0000	0.0000	0.0000
156.0000	3536913835.0000	7798.7285	-2.8332	-4.2728	5.7552	2.1641	0.0056	-0.0001	0.3328	0.3218	0.0000	0.0000	0.0000	0.0000	0.0000	0.0000	0.0000	0.0000
157.0000	3536913836.0000	7852.0988	-5.1163	-0.1019	2.7092	-6.9524	-0.0194	-0.0001	-0.1171	-0.6844	0.0000	0.0000	0.0000	0.0000	0.0000	0.0000	0.0000	0.0000
158.0000	3536913837.0000	7898.7978	-3.4201	4.1502	-6.7495	-1.4617	-0.0043	-0.0001	0.2389	-0.0177	0.0000	0.0000	0.0000	0.0000	0.0000	0.0000	0.0000	0.0000
159.0000	3536913838.0000	7948.8324	0.9227	5.1627	-0.4668	5.7274	0.0154	-0.0001	0.2954	-0.0822	0.0000	0.0000	0.0000	0.0000	0.0000	0.0000	0.0000	0.0000
160.0000	3536913839.0000	8002.2026	4.5063	2.4276	4.5668	-1.1596	-0.0035	-0.0001	-0.2075	-0.0720	0.0000	0.0000	0.0000	0.0000	0.0000	0.0000	0.0000	0.0000
161.0000	3536913839.0000	8052.2373	4.5710	-2.2036	-1.3324	-4.6046	-0.0129	-0.0001	0.4589	-0.0248	0.0000	0.0000	0.0000	0.0000	0.0000	0.0000	0.0000	0.0000
162.0000	3536913840.0000	8102.2719	1.1168	-5.1589	-3.0080	2.6142	0.0069	-0.0001	0.0585	-0.2553	0.0000	0.0000	0.0000	0.0000	0.0000	0.0000	0.0000	0.0000
163.0000	3536913841.0000	8152.3065	-3.1633	-4.3057	3.8962	1.9101	0.0050	-0.0001	0.1266	0.1550	0.0000	0.0000	0.0000	0.0000	0.0000	0.0000	0.0000	0.0000
164.0000	3536913842.0000	8199.0055	-5.1361	-0.0778	-0.3839	-4.9379	-0.0138	-0.0001	0.1068	-0.0985	0.0000	0.0000	0.0000	0.0000	0.0000	0.0000	0.0000	0.0000
165.0000	3536913843.0000	8249.0401	-3.2195	4.0095	-6.3469	1.3614	0.0034	-0.0001	0.0765	0.2851	0.0000	0.0000	0.0000	0.0000	0.0000	0.0000	0.0000	0.0000
166.0000	3536913844.0000	8302.4103	1.2787	5.0336	1.9606	5.5740	0.0150	-0.0000	-0.1662	0.1985	0.0000	0.0000	0.0000	0.0000	0.0000	0.0000	0.0000	0.0000
167.0000	3536913844.0000	8352.4449	4.7166	2.2733	6.8762	-3.0153	-0.0086	-0.0001	0.0020	-0.6083	0.0000	0.0000	0.0000	0.0000	0.0000	0.0000	0.0000	0.0000
168.0000	3536913845.0000	8402.4796	4.5606	-2.2406	-2.7062	-5.7316	-0.0160	-0.0001	-0.0952	0.5133	0.0000	0.0000	0.0000	0.0000	0.0000	0.0000	0.0000	0.0000
169.0000	3536913846.0000	8449.1785	1.0154	-4.9473	-6.3675	3.0923	0.0082	-0.0001	-0.0517	0.3923	0.0000	0.0000	0.0000	0.0000	0.0000	0.0000	0.0000	0.0000
170.0000	3536913847.0000	8502.5488	-3.4537	-3.8950	3.5212	4.0242	0.0108	-0.0000	-0.1917	0.0194	0.0000	0.0000	0.0000	0.0000	0.0000	0.0000	0.0000	0.0000
171.0000	3536913848.0000	8549.2478	-5.3549	0.1351	2.8802	-1.9393	-0.0056	-0.0001	0.3561	-0.3351	0.0000	0.0000	0.0000	0.0000	0.0000	0.0000	0.0000	0.0000
172.0000	3536913849.0000	8599.2824	-3.1668	4.1094	-2.8523	0.7165	0.0017	-0.0001	0.2408	-0.4822	0.0000	0.0000	0.0000	0.0000	0.0000	0.0000	0.0000	0.0000
173.0000	3536913849.0000	8652.6526	1.4704	4.9290	2.8068	2.3815	0.0062	-0.0001	-0.3026	-0.4918	0.0000	0.0000	0.0000	0.0000	0.0000	0.0000	0.0000	0.0000
174.0000	3536913850.0000	8702.6872	4.8629	1.9430	3.3321	-4.2249	-0.0119	-0.0001	-0.0796	-0.3217	0.0000	0.0000	0.0000	0.0000	0.0000	0.0000	0.0000	0.0000
175.0000	3536913851.0000	8749.3862	4.6888	-2.5244	-6.9141	-4.5674	-0.0128	-0.0002	-0.1556	-0.0773	0.0000	0.0000	0.0000	0.0000	0.0000	0.0000	0.0000	0.0000
176.0000	3536913852.0000	8799.4208	0.8308	-5.0622	-4.3707	7.0808	0.0192	-0.0001	-0.5539	0.2428	0.0000	0.0000	0.0000	0.0000	0.0000	0.0000	0.0000	0.0000
177.0000	3536913853.0000	8852.7911	-3.5576	-3.6280	6.5068	4.2121	0.0113	-0.0001	-0.3328	0.5598	0.0000	0.0000	0.0000	0.0000	0.0000	0.0000	0.0000	0.0000
178.0000	3536913854.0000	8899.4901	-5.3582	0.5773	2.4248	-5.8096	-0.0162	-0.0001	-0.0637	0.4553	0.0000	0.0000	0.0000	0.0000	0.0000	0.0000	0.0000	0.0000
179.0000	3536913854.0000	8952.8603	-2.9779	4.2990	-4.5640	-2.5631	-0.0073	-0.0001	0.1509	-0.6301	0.0000	0.0000	0.0000	0.0000	0.0000	0.0000	0.0000	0.0000
180.0000	3536913855.0000	8999.5593	1.5953	4.9055	0.0169	3.9901	0.0107	-0.0001	0.0620	-0.0712	0.0000	0.0000	0.0000	0.0000	0.0000	0.0000	0.0000	0.0000
181.0000	3536913856.0000	9049.5939	4.9777	1.7239	2.5267	-1.7584	-0.0051	-0.0001	0.0907	-0.7347	0.0000	0.0000	0.0000	0.0000	0.0000	0.0000	0.0000	0.0000
182.0000	3536913857.0000	9102.9642	4.4293	-2.9229	-4.0845	-1.9937	-0.0057	-0.0001	-0.4500	0.1993	0.0000	0.0000	0.0000	0.0000	0.0000	0.0000	0.0000	0.0000
183.0000	3536913858.0000	9152.9988	0.7205	-5.2457	-1.5339	4.9138	0.0132	-0.0001	0.2860	0.1133	0.0000	0.0000	0.0000	0.0000	0.0000	0.0000	0.0000	0.0000
184.0000	3536913859.0000	9199.6977	-3.5547	-3.7787	6.4414	-0.1404	-0.0006	-0.0001	0.0560	-0.7176	0.0000	0.0000	0.0000	0.0000	0.0000	0.0000	0.0000	0.0000
185.0000	3536913859.0000	9253.0680	-4.9791	0.7046	0.3391	-7.0471	-0.0197	-0.0001	0.1120	-0.0061	0.0000	0.0000	0.0000	0.0000	0.0000	0.0000	0.0000	0.0000
186.0000	3536913860.0000	9303.1026	-2.7132	4.5332	-6.4754	1.3435	0.0034	-0.0001	0.2057	-0.1666	0.0000	0.0000	0.0000	0.0000	0.0000	0.0000	0.0000	0.0000
187.0000	3536913861.0000	9349.8016	1.5219	5.0691	0.0975	6.9820	0.0189	-0.0000	0.2225	0.2555	0.0000	0.0000	0.0000	0.0000	0.0000	0.0000	0.0000	0.0000
188.0000	3536913862.0000	9403.1718	4.7080	1.5989	5.1203	-2.1645	-0.0063	-0.0001	0.0049	-0.1641	0.0000	0.0000	0.0000	0.0000	0.0000	0.0000	0.0000	0.0000
189.0000	3536913863.0000	9449.8708	4.2368	-2.9941	-1.7780	-4.5311	-0.0127	-0.0002	-0.4122	0.4919	0.0000	0.0000	0.0000	0.0000	0.0000	0.0000	0.0000	0.0000
190.0000	3536913864.0000	9499.9054	0.3264	-5.3132	-2.7132	3.3921	0.0090	-0.0001	0.2843	-0.5186	0.0000	0.0000	0.0000	0.0000	0.0000	0.0000	0.0000	0.0000
191.0000	3536913864.0000	9549.9400	-3.7937	-3.6319	2.9624	1.3709	0.0035	-0.0001	-0.3540	0.2677	0.0000	0.0000	0.0000	0.0000	0.0000	0.0000	0.0000	0.0000
192.0000	3536913865.0000	9599.9747	-4.9723	0.7091	-0.2521	-3.0126	-0.0085	-0.0001	-0.0856	0.3538	0.0000	0.0000	0.0000	0.0000	0.0000	0.0000	0.0000	0.0000
193.0000	3536913866.0000	9650.0093	-2.3892	4.6096	-4.0830	2.5691	0.0068	-0.0001	0.1549	-0.0748	0.0000	0.0000	0.0000	0.0000	0.0000	0.0000	0.0000	0.0000
194.0000	3536913867.0000	9703.3795	2.0566	4.8061	4.9418	4.2716	0.0114	-0.0001	0.4569	-0.4140	0.0000	0.0000	0.0000	0.0000	0.0000	0.0000	0.0000	0.0000
195.0000	3536913868.0000	9750.0785	4.9924	1.6307	6.0672	-4.4552	-0.0125	-0.0002	-0.0093	0.2320	0.0000	0.0000	0.0000	0.0000	0.0000	0.0000	0.0000	0.0000
196.0000	3536913869.0000	9803.4488	3.9471	-3.1498	-6.5465	-4.3107	-0.0121	-0.0002	0.4757	0.2920	0.0000	0.0000	0.0000	0.0000	0.0000	0.0000	0.0000	0.0000
197.0000	3536913869.0000	9853.4834	-0.2086	-5.1866	-4.8214	6.0232	0.0162	-0.0001	0.1007	0.3700	0.0000	0.0000	0.0000	0.0000	0.0000	0.0000	0.0000	0.0000
198.0000	3536913870.0000	9903.5180	-4.1777	-3.3512	4.5127	3.3759	0.0090	-0.0001	0.0728	-0.2344	0.0000	0.0000	0.0000	0.0000	0.0000	0.0000	0.0000	0.0000
199.0000	3536913871.0000	9953.5526	-5.1354	0.9785	2.2699	-3.4730	-0.0098	-0.0001	-0.0246	0.3971	0.0000	0.0000	0.0000	0.0000	0.0000	0.0000	0.0000	0.0000
200.0000	3536913872.0000	10000.2516	-2.2060	4.4152	-0.8278	-0.4710	-0.0016	-0.0001	0.2393	0.5943	0.0000	0.0000	0.0000	0.0000	0.0000	0.0000	0.0000	0.0000
201.0000	3536913873.0000	10053.6218	2.3633	4.6239	2.9810	2.1078	0.0055	-0.0001	0.3621	-0.0300	0.0000	0.0000	0.0000	0.0000	0.0000	0.0000	0.0000	0.0000
202.0000	3536913874.0000	10103.6564	5.2626	1.1261	1.6753	-5.4002	-0.0151	-0.0002	-0.0554	-0.2278	0.0000	0.0000	0.0000	0.0000	0.0000	0.0000	0.0000	0.0000
203.0000	3536913874.0000	10150.3554	4.0896	-3.1041	-7.1684	-1.7257	-0.0050	-0.0001	-0.0417	0.0656	0.0000	0.0000	0.0000	0.0000	0.0000	0.0000	0.0000	0.0000
204.0000	3536913875.0000	10200.3900	-0.0229	-5.0337	-1.9627	7.7684	0.0211	-0.0000	0.2583	-0.0939	0.0000	0.0000	0.0000	0.0000	0.0000	0.0000	0.0000	0.0000
205.0000	3536913876.0000	10250.4246	-4.2118	-3.0468	7.0547	2.1329	0.0056	-0.0001	0.5725	-0.3751	0.0000	0.0000	0.0000	0.0000	0.0000	0.0000	0.0000	0.0000
206.0000	3536913877.0000	10300.4593	-5.1314	1.3248	1.8034	-7.1084	-0.0199	-0.0002	-0.2906	0.0404	0.0000	0.0000	0.0000	0.0000	0.0000	0.0000	0.0000	0.0000
207.0000	3536913878.0000	10350.4939	-2.2542	4.5836	-5.1371	-0.5721	-0.0018	-0.0001	-0.2758	-0.6688	0.0000	0.0000	0.0000	0.0000	0.0000	0.0000	0.0000	0.0000
208.0000	3536913879.0000	10403.8641	2.3452	4.4647	0.5850	3.8739	0.0103	-0.0001	0.0695	0.5010	0.0000	0.0000	0.0000	0.0000	0.0000	0.0000	0.0000	0.0000
209.0000	3536913879.0000	10453.8987	5.1640	0.7931	2.5950	-2.2003	-0.0063	-0.0002	-0.4778	0.1404	0.0000	0.0000	0.0000	0.0000	0.0000	0.0000	0.0000	0.0000
210.0000	3536913880.0000	10500.5977	3.9632	-3.5208	-3.9453	-1.9260	-0.0056	-0.0001	-0.3829	-0.0087	0.0000	0.0000	0.0000	0.0000	0.0000	0.0000	0.0000	0.0000
211.0000	3536913881.0000	10550.6323	-0.1490	-5.2023	0.1731	5.2317	0.0140	-0.0001	0.0944	0.0927	0.0000	0.0000	0.0000	0.0000	0.0000	0.0000	0.0000	0.0000
212.0000	3536913882.0000	10600.6669	-4.1372	-2.9465	5.5521	-1.4602	-0.0043	-0.0001	0.2611	0.0320	0.0000	0.0000	0.0000	0.0000	0.0000	0.0000	0.0000	0.0000
213.0000	3536913883.0000	10650.7016	-4.9698	1.7108	-2.6353	-5.7767	-0.0161	-0.0001	0.2165	0.0916	0.0000	0.0000	0.0000	0.0000	0.0000	0.0000	0.0000	0.0000
214.0000	3536913884.0000	10700.7362	-2.0967	4.9862	-6.7188	3.8528	0.0103	-0.0001	0.1399	0.0804	0.0000	0.0000	0.0000	0.0000	0.0000	0.0000	0.0000	0.0000
215.0000	3536913884.0000	10754.1064	2.5499	4.4805	2.6733	4.6511	0.0125	-0.0001	0.2021	-0.2389	0.0000	0.0000	0.0000	0.0000	0.0000	0.0000	0.0000	0.0000
216.0000	3536913885.0000	10804.1410	4.9785	0.6540	4.6835	-3.6703	-0.0104	-0.0002	-0.3518	0.5422	0.0000	0.0000	0.0000	0.0000	0.0000	0.0000	0.0000	0.0000
217.0000	3536913886.0000	10850.8400	3.7081	-3.7694	-3.3005	-4.2595	-0.0120	-0.0001	-0.0179	-0.3896	0.0000	0.0000	0.0000	0.0000	0.0000	0.0000	0.0000	0.0000
218.0000	3536913887.0000	10900.8746	-0.5739	-5.2494	-2.6709	3.8480	0.0102	-0.0001	0.8070	-0.0251	0.0000	0.0000	0.0000	0.0000	0.0000	0.0000	0.0000	0.0000
219.0000	3536913888.0000	10954.2449	-4.3455	-2.8320	3.6470	1.6834	0.0043	-0.0001	-0.0220	0.0097	0.0000	0.0000	0.0000	0.0000	0.0000	0.0000	0.0000	0.0000
220.0000	3536913889.0000	11004.2795	-4.7731	1.7632	-1.8114	-2.6095	-0.0074	-0.0001	0.3936	-0.3447	0.0000	0.0000	0.0000	0.0000	0.0000	0.0000	0.0000	0.0000
221.0000	3536913889.0000	11050.9785	-1.5441	4.9922	-2.4332	2.7298	0.0072	-0.0001	0.0229	-0.0785	0.0000	0.0000	0.0000	0.0000	0.0000	0.0000	0.0000	0.0000
222.0000	3536913890.0000	11104.3487	2.8913	4.4798	5.4301	2.4675	0.0064	-0.0001	-0.3544	-0.0488	0.0000	0.0000	0.0000	0.0000	0.0000	0.0000	0.0000	0.0000
223.0000	3536913891.0000	11151.0477	5.1611	0.6379	2.6137	-6.9608	-0.0195	-0.0002	-0.1300	-0.1023	0.0000	0.0000	0.0000	0.0000	0.0000	0.0000	0.0000	0.0000
224.0000	3536913892.0000	11204.4180	3.4278	-3.6596	-7.6694	-3.1699	-0.0090	-0.0001	-0.1393	0.1002	0.0000	0.0000	0.0000	0.0000	0.0000	0.0000	0.0000	0.0000
225.0000	3536913893.0000	11254.4526	-0.9676	-5.1764	-2.0170	7.3649	0.0200	-0.0001	-0.3307	-0.4302	0.0000	0.0000	0.0000	0.0000	0.0000	0.0000	0.0000	0.0000
226.0000	3536913894.0000	11301.1515	-4.6665	-2.7644	7.0541	1.4744	0.0038	-0.0001	0.0504	-0.3231	0.0000	0.0000	0.0000	0.0000	0.0000	0.0000	0.0000	0.0000
227.0000	3536913895.0000	11351.1862	-5.0097	1.7003	0.5049	-4.2809	-0.0120	-0.0001	0.4508	0.0876	0.0000	0.0000	0.0000	0.0000	0.0000	0.0000	0.0000	0.0000
228.0000	3536913895.0000	11401.2208	-1.4672	4.8886	-3.7172	0.3733	0.0008	-0.0001	-0.2690	0.5327	0.0000	0.0000	0.0000	0.0000	0.0000	0.0000	0.0000	0.0000
229.0000	3536913896.0000	11451.2554	3.1440	4.2973	2.1320	1.4836	0.0038	-0.0001	0.1661	-0.0649	0.0000	0.0000	0.0000	0.0000	0.0000	0.0000	0.0000	0.0000
230.0000	3536913897.0000	11507.9613	5.1860	0.2777	-0.0811	-3.7548	-0.0106	-0.0001	0.0556	0.3656	0.0000	0.0000	0.0000	0.0000	0.0000	0.0000	0.0000	0.0000
231.0000	3536913898.0000	11551.3246	3.5029	-3.8144	-5.7216	0.6539	0.0015	-0.0001	-0.2069	-0.1366	0.0000	0.0000	0.0000	0.0000	0.0000	0.0000	0.0000	0.0000
232.0000	3536913899.0000	11601.3592	-1.0414	-4.9659	1.2951	7.8747	0.0214	-0.0000	0.3911	-0.5252	0.0000	0.0000	0.0000	0.0000	0.0000	0.0000	0.0000	0.0000
233.0000	3536913900.0000	11654.7295	-4.7112	-2.2580	6.8384	-2.1092	-0.0060	-0.0001	0.5301	0.1328	0.0000	0.0000	0.0000	0.0000	0.0000	0.0000	0.0000	0.0000
234.0000	3536913900.0000	11704.7641	-4.9129	2.1821	-1.1503	-7.6039	-0.0212	-0.0001	0.0726	0.2201	0.0000	0.0000	0.0000	0.0000	0.0000	0.0000	0.0000	0.0000
235.0000	3536913901.0000	11751.4631	-1.3380	4.8659	-5.0427	1.2016	0.0030	-0.0001	0.3985	0.1458	0.0000	0.0000	0.0000	0.0000	0.0000	0.0000	0.0000	0.0000
236.0000	3536913902.0000	11801.4977	3.1411	3.9316	1.8356	4.8642	0.0130	-0.0001	-0.2477	0.1092	0.0000	0.0000	0.0000	0.0000	0.0000	0.0000	0.0000	0.0000
237.0000	3536913903.0000	11854.8679	5.2241	-0.0681	2.2534	-3.5956	-0.0101	-0.0001	-0.4189	-0.4947	0.0000	0.0000	0.0000	0.0000	0.0000	0.0000	0.0000	0.0000
238.0000	3536913904.0000	11904.9026	3.4182	-4.1664	-3.8196	-1.3548	-0.0040	-0.0001	-0.2023	-0.1777	0.0000	0.0000	0.0000	0.0000	0.0000	0.0000	0.0000	0.0000
239.0000	3536913905.0000	11951.6015	-1.0154	-5.0458	0.4218	2.7088	0.0072	-0.0001	0.5737	0.4783	0.0000	0.0000	0.0000	0.0000	0.0000	0.0000	0.0000	0.0000
240.0000	3536913905.0000	12001.6361	-4.5917	-2.1439	4.6570	-1.8982	-0.0055	-0.0001	0.6739	0.2714	0.0000	0.0000	0.0000	0.0000	0.0000	0.0000	0.0000	0.0000
241.0000	3536913906.0000	12055.0064	-4.6370	2.3890	-3.7006	-3.8422	-0.0108	-0.0001	0.4425	-0.3097	0.0000	0.0000	0.0000	0.0000	0.0000	0.0000	0.0000	0.0000
242.0000	3536913907.0000	12101.7054	-1.2327	5.1231	-4.8688	4.4860	0.0120	-0.0001	0.3437	0.1151	0.0000	0.0000	0.0000	0.0000	0.0000	0.0000	0.0000	0.0000
243.0000	3536913908.0000	12151.7400	3.2187	4.1065	6.2581	4.4105	0.0118	-0.0001	-0.2675	-0.3452	0.0000	0.0000	0.0000	0.0000	0.0000	0.0000	0.0000	0.0000
244.0000	3536913909.0000	12205.1102	5.0131	-0.3374	3.8529	-6.0098	-0.0168	-0.0002	0.4657	0.3944	0.0000	0.0000	0.0000	0.0000	0.0000	0.0000	0.0000	0.0000
245.0000	3536913910.0000	12255.1449	3.0366	-4.3687	-5.7021	-2.7749	-0.0079	-0.0001	-0.5326	0.0231	0.0000	0.0000	0.0000	0.0000	0.0000	0.0000	0.0000	0.0000
246.0000	3536913910.0000	12301.8438	-1.4153	-5.1905	-2.2928	5.5004	0.0148	-0.0001	-0.1214	-0.2573	0.0000	0.0000	0.0000	0.0000	0.0000	0.0000	0.0000	0.0000
247.0000	3536913911.0000	12351.8784	-4.6954	-2.1694	4.0868	-0.6254	-0.0020	-0.0001	0.3310	0.6424	0.0000	0.0000	0.0000	0.0000	0.0000	0.0000	0.0000	0.0000
248.0000	3536913912.0000	12408.5843	-4.3599	2.5435	-1.0303	-3.1051	-0.0088	-0.0001	-0.3608	-0.0157	0.0000	0.0000	0.0000	0.0000	0.0000	0.0000	0.0000	0.0000
249.0000	3536913913.0000	12455.2833	-0.8422	5.2065	-1.0969	2.0580	0.0054	-0.0001	0.1744	-0.6245	0.0000	0.0000	0.0000	0.0000	0.0000	0.0000	0.0000	0.0000
250.0000	3536913914.0000	12501.9823	3.2365	4.1600	4.1545	1.9065	0.0049	-0.0001	-0.2634	0.3814	0.0000	0.0000	0.0000	0.0000	0.0000	0.0000	0.0000	0.0000
251.0000	3536913915.0000	12552.0169	4.9971	0.0737	0.9943	-6.6068	-0.0185	-0.0002	1.0968	-0.1035	0.0000	0.0000	0.0000	0.0000	0.0000	0.0000	0.0000	0.0000
252.0000	3536913915.0000	12598.7159	3.1844	-3.9421	-7.3157	-1.5967	-0.0047	-0.0001	0.0526	-0.0058	0.0000	0.0000	0.0000	0.0000	0.0000	0.0000	0.0000	0.0000
253.0000	3536913916.0000	12652.0861	-1.4275	-5.0839	-1.2961	8.2461	0.0224	-0.0000	-0.0085	0.0045	0.0000	0.0000	0.0000	0.0000	0.0000	0.0000	0.0000	0.0000
254.0000	3536913917.0000	12702.1207	-4.7303	-2.2772	6.8283	1.1555	0.0029	-0.0001	-0.4358	0.0890	0.0000	0.0000	0.0000	0.0000	0.0000	0.0000	0.0000	0.0000
255.0000	3536913918.0000	12752.1554	-4.5572	2.3198	0.7822	-5.4274	-0.0152	-0.0001	0.7972	0.0610	0.0000	0.0000	0.0000	0.0000	0.0000	0.0000	0.0000	0.0000
256.0000	3536913919.0000	12802.1900	-0.7940	4.9755	-4.3326	0.5185	0.0012	-0.0001	-0.1008	-0.2861	0.0000	0.0000	0.0000	0.0000	0.0000	0.0000	0.0000	0.0000
257.0000	3536913920.0000	12852.2246	3.6002	3.8914	1.5868	1.9842	0.0052	-0.0001	-0.4897	-0.3377	0.0000	0.0000	0.0000	0.0000	0.0000	0.0000	0.0000	0.0000
258.0000	3536913920.0000	12902.2592	5.1878	-0.1801	0.3221	-2.9572	-0.0084	-0.0001	0.2696	-0.1927	0.0000	0.0000	0.0000	0.0000	0.0000	0.0000	0.0000	0.0000
259.0000	3536913921.0000	12952.2938	2.9269	-4.1525	-4.8472	0.7013	0.0016	-0.0001	-0.0244	-0.1201	0.0000	0.0000	0.0000	0.0000	0.0000	0.0000	0.0000	0.0000
260.0000	3536913922.0000	13002.3284	-1.5701	-4.8119	2.0862	5.3560	0.0144	-0.0000	0.1397	0.2426	0.0000	0.0000	0.0000	0.0000	0.0000	0.0000	0.0000	0.0000
261.0000	3536913923.0000	13052.3630	-4.9177	-1.8191	6.3488	-3.7725	-0.0106	-0.0001	0.0529	0.0126	0.0000	0.0000	0.0000	0.0000	0.0000	0.0000	0.0000	0.0000
262.0000	3536913924.0000	13099.0620	-4.6414	2.5308	-3.3927	-7.2370	-0.0202	-0.0001	0.0030	0.0526	0.0000	0.0000	0.0000	0.0000	0.0000	0.0000	0.0000	0.0000
263.0000	3536913925.0000	13152.4323	-0.7515	4.9977	-5.0354	3.0269	0.0080	-0.0001	-0.0136	-0.1947	0.0000	0.0000	0.0000	0.0000	0.0000	0.0000	0.0000	0.0000
264.0000	3536913925.0000	13202.4669	3.5384	3.5929	3.4516	5.3624	0.0144	-0.0001	-0.4423	0.0710	0.0000	0.0000	0.0000	0.0000	0.0000	0.0000	0.0000	0.0000
265.0000	3536913926.0000	13249.1659	5.2547	-0.5733	2.6976	-3.9019	-0.0110	-0.0001	-0.2894	0.2596	0.0000	0.0000	0.0000	0.0000	0.0000	0.0000	0.0000	0.0000
266.0000	3536913927.0000	13302.5361	2.9176	-4.3926	-3.6825	-1.4766	-0.0043	-0.0001	-0.6438	-0.1198	0.0000	0.0000	0.0000	0.0000	0.0000	0.0000	0.0000	0.0000
267.0000	3536913928.0000	13352.5707	-1.5691	-4.8413	0.2338	2.3753	0.0062	-0.0001	0.4076	0.0544	0.0000	0.0000	0.0000	0.0000	0.0000	0.0000	0.0000	0.0000
268.0000	3536913929.0000	13402.6053	-4.8013	-1.6429	3.3894	-2.1140	-0.0061	-0.0001	-0.1164	-0.3602	0.0000	0.0000	0.0000	0.0000	0.0000	0.0000	0.0000	0.0000
269.0000	3536913930.0000	13452.6400	-4.4589	2.8936	-4.2762	-3.8365	-0.0108	-0.0001	-0.4883	-0.1171	0.0000	0.0000	0.0000	0.0000	0.0000	0.0000	0.0000	0.0000
270.0000	3536913930.0000	13499.3389	-0.6334	5.1243	-2.2578	4.4393	0.0119	-0.0001	0.0417	-0.4247	0.0000	0.0000	0.0000	0.0000	0.0000	0.0000	0.0000	0.0000
271.0000	3536913931.0000	13549.3735	3.5150	3.6989	6.7536	2.7606	0.0073	-0.0001	-0.0964	0.4134	0.0000	0.0000	0.0000	0.0000	0.0000	0.0000	0.0000	0.0000
272.0000	3536913932.0000	13602.7438	4.9722	-0.9023	1.7890	-6.9184	-0.0193	-0.0002	-0.2047	-0.1933	0.0000	0.0000	0.0000	0.0000	0.0000	0.0000	0.0000	0.0000
273.0000	3536913933.0000	13649.4428	2.5645	-4.5321	-6.7244	-1.5825	-0.0046	-0.0001	-0.1470	0.4433	0.0000	0.0000	0.0000	0.0000	0.0000	0.0000	0.0000	0.0000
274.0000	3536913934.0000	13699.4774	-1.8364	-4.9918	-2.1122	6.1505	0.0166	-0.0000	0.5003	0.8908	0.0000	0.0000	0.0000	0.0000	0.0000	0.0000	0.0000	0.0000
275.0000	3536913935.0000	13749.5120	-4.8353	-1.5447	4.5717	0.3601	0.0007	-0.0001	0.1292	0.1536	0.0000	0.0000	0.0000	0.0000	0.0000	0.0000	0.0000	0.0000
276.0000	3536913935.0000	13799.5466	-4.1484	3.0112	-0.3725	-3.8365	-0.0108	-0.0001	-0.0172	-0.4178	0.0000	0.0000	0.0000	0.0000	0.0000	0.0000	0.0000	0.0000
277.0000	3536913936.0000	13849.5812	-0.2402	5.3193	-0.8381	2.7384	0.0072	-0.0001	0.2884	-0.1884	0.0000	0.0000	0.0000	0.0000	0.0000	0.0000	0.0000	0.0000
278.0000	3536913937.0000	13902.9515	3.7831	3.5714	4.8106	0.3224	0.0006	-0.0001	0.1487	-0.2360	0.0000	0.0000	0.0000	0.0000	0.0000	0.0000	0.0000	0.0000
279.0000	3536913938.0000	13952.9861	4.9423	-0.7847	-1.8015	-6.5029	-0.0182	-0.0002	-0.6497	-0.0886	0.0000	0.0000	0.0000	0.0000	0.0000	0.0000	0.0000	0.0000
280.0000	3536913939.0000	13999.6851	2.2965	-4.5300	-7.3803	0.7956	0.0019	-0.0001	0.0715	-0.2998	0.0000	0.0000	0.0000	0.0000	0.0000	0.0000	0.0000	0.0000
281.0000	3536913940.0000	14053.0553	-2.1768	-4.8235	1.6008	7.3293	0.0199	-0.0000	-0.0009	0.3119	0.0000	0.0000	0.0000	0.0000	0.0000	0.0000	0.0000	0.0000
282.0000	3536913940.0000	14103.0899	-4.9993	-1.4156	7.5082	-1.6387	-0.0048	-0.0001	0.0369	-0.0140	0.0000	0.0000	0.0000	0.0000	0.0000	0.0000	0.0000	0.0000
283.0000	3536913941.0000	14153.1246	-4.0270	3.0553	-2.6643	-6.0128	-0.0168	-0.0001	0.2027	-0.0458	0.0000	0.0000	0.0000	0.0000	0.0000	0.0000	0.0000	0.0000
284.0000	3536913942.0000	14199.8235	0.1400	5.1528	-3.9721	1.5672	0.0040	-0.0001	0.5157	0.0838	0.0000	0.0000	0.0000	0.0000	0.0000	0.0000	0.0000	0.0000
285.0000	3536913943.0000	14249.8581	4.1110	3.2910	2.2544	2.0475	0.0053	-0.0001	0.3279	0.5329	0.0000	0.0000	0.0000	0.0000	0.0000	0.0000	0.0000	0.0000
286.0000	3536913944.0000	14299.8928	5.0916	-0.9558	0.4657	-3.7525	-0.0106	-0.0001	0.1038	0.0093	0.0000	0.0000	0.0000	0.0000	0.0000	0.0000	0.0000	0.0000
287.0000	3536913945.0000	14353.2630	2.1874	-4.5879	-3.9963	2.4533	0.0064	-0.0001	0.0709	0.6383	0.0000	0.0000	0.0000	0.0000	0.0000	0.0000	0.0000	0.0000
288.0000	3536913945.0000	14403.2976	-2.3531	-4.4993	3.1865	3.7998	0.0101	-0.0001	-0.0875	0.1276	0.0000	0.0000	0.0000	0.0000	0.0000	0.0000	0.0000	0.0000
289.0000	3536913946.0000	14453.3322	-5.1870	-1.0938	4.7931	-4.0034	-0.0112	-0.0001	0.3841	-0.2823	0.0000	0.0000	0.0000	0.0000	0.0000	0.0000	0.0000	0.0000
290.0000	3536913947.0000	14503.3669	-4.0409	3.2819	-4.3436	-5.1218	-0.0143	-0.0002	0.3439	-0.3379	0.0000	0.0000	0.0000	0.0000	0.0000	0.0000	0.0000	0.0000
291.0000	3536913948.0000	14553.4015	0.1162	4.9167	-4.8466	5.1177	0.0137	-0.0001	0.1456	-0.1943	0.0000	0.0000	0.0000	0.0000	0.0000	0.0000	0.0000	0.0000
292.0000	3536913949.0000	14603.4361	4.2792	2.8754	4.9965	3.1020	0.0082	-0.0001	0.2628	0.2656	0.0000	0.0000	0.0000	0.0000	0.0000	0.0000	0.0000	0.0000
293.0000	3536913950.0000	14653.4707	5.0899	-1.4344	1.8096	-5.7732	-0.0162	-0.0002	0.0677	0.3972	0.0000	0.0000	0.0000	0.0000	0.0000	0.0000	0.0000	0.0000
294.0000	3536913951.0000	14700.1697	2.1196	-4.7451	-4.1493	-1.2711	-0.0038	-0.0001	-0.5680	0.4861	0.0000	0.0000	0.0000	0.0000	0.0000	0.0000	0.0000	0.0000
295.0000	3536913951.0000	14750.2043	-2.3353	-4.4490	0.6647	3.4174	0.0091	-0.0001	-0.4910	-0.3552	0.0000	0.0000	0.0000	0.0000	0.0000	0.0000	0.0000	0.0000
296.0000	3536913952.0000	14803.5745	-5.1569	-0.6583	2.6416	-1.4406	-0.0042	-0.0001	0.4667	-0.6764	0.0000	0.0000	0.0000	0.0000	0.0000	0.0000	0.0000	0.0000
297.0000	3536913953.0000	14850.2735	-3.9249	3.6106	-3.5072	-1.5114	-0.0044	-0.0001	-0.0726	-0.2576	0.0000	0.0000	0.0000	0.0000	0.0000	0.0000	0.0000	0.0000
298.0000	3536913954.0000	14900.3081	0.2883	5.1383	-0.8907	5.4668	0.0147	-0.0001	0.4767	-0.7113	0.0000	0.0000	0.0000	0.0000	0.0000	0.0000	0.0000	0.0000
299.0000	3536913955.0000	14950.3427	4.1390	2.7116	6.0256	0.3411	0.0006	-0.0001	-0.3645	0.2302	0.0000	0.0000	0.0000	0.0000	0.0000	0.0000	0.0000	0.0000
300.0000	3536913956.0000	15003.7130	4.7939	-1.7779	-0.8210	-6.6218	-0.0185	-0.0002	0.5324	0.1380	0.0000	0.0000	0.0000	0.0000	0.0000	0.0000	0.0000	0.0000
301.0000	3536913956.0000	15053.7476	1.7517	-5.0141	-7.0945	0.2256	0.0003	-0.0001	0.3722	-0.4310	0.0000	0.0000	0.0000	0.0000	0.0000	0.0000	0.0000	0.0000
302.0000	3536913957.0000	15103.7822	-2.5741	-4.4553	0.2385	6.1517	0.0166	-0.0001	0.2624	0.4199	0.0000	0.0000	0.0000	0.0000	0.0000	0.0000	0.0000	0.0000
303.0000	3536913958.0000	15150.4812	-5.0184	-0.5489	5.8520	-1.2910	-0.0038	-0.0001	0.3290	-0.1742	0.0000	0.0000	0.0000	0.0000	0.0000	0.0000	0.0000	0.0000
304.0000	3536913959.0000	15200.5158	-3.7028	3.7277	-1.3672	-3.4984	-0.0099	-0.0001	-0.4683	0.0460	0.0000	0.0000	0.0000	0.0000	0.0000	0.0000	0.0000	0.0000
305.0000	3536913960.0000	15253.8861	0.6808	5.2249	-1.3009	2.6822	0.0070	-0.0001	-0.0358	-0.5708	0.0000	0.0000	0.0000	0.0000	0.0000	0.0000	0.0000	0.0000
306.0000	3536913961.0000	15303.9207	4.2988	2.7703	2.9790	-0.8268	-0.0026	-0.0001	-0.0489	-0.4781	0.0000	0.0000	0.0000	0.0000	0.0000	0.0000	0.0000	0.0000
307.0000	3536913961.0000	15353.9553	4.6482	-1.7386	-1.7355	-4.7092	-0.0132	-0.0002	-0.0296	-0.3733	0.0000	0.0000	0.0000	0.0000	0.0000	0.0000	0.0000	0.0000
308.0000	3536913962.0000	15403.9899	1.4198	-5.0112	-6.1056	2.9209	0.0077	-0.0001	-0.1954	0.4887	0.0000	0.0000	0.0000	0.0000	0.0000	0.0000	0.0000	0.0000
309.0000	3536913963.0000	15454.0245	-2.9409	-4.4224	4.7935	5.9793	0.0161	-0.0000	-0.1584	-0.0806	0.0000	0.0000	0.0000	0.0000	0.0000	0.0000	0.0000	0.0000
310.0000	3536913964.0000	15504.0591	-5.1222	-0.5591	6.0900	-4.6268	-0.0130	-0.0001	-0.0576	0.0485	0.0000	0.0000	0.0000	0.0000	0.0000	0.0000	0.0000	0.0000
311.0000	3536913965.0000	15554.0938	-3.3839	3.6170	-3.8146	-5.2161	-0.0146	-0.0001	0.4241	0.1546	0.0000	0.0000	0.0000	0.0000	0.0000	0.0000	0.0000	0.0000
312.0000	3536913966.0000	15600.7927	0.9143	5.1353	-4.5642	3.6875	0.0098	-0.0001	-0.0489	0.2236	0.0000	0.0000	0.0000	0.0000	0.0000	0.0000	0.0000	0.0000
313.0000	3536913966.0000	15650.8273	4.5860	2.6279	3.8056	1.9638	0.0051	-0.0001	0.2138	-0.7286	0.0000	0.0000	0.0000	0.0000	0.0000	0.0000	0.0000	0.0000
314.0000	3536913967.0000	15704.1976	4.7340	-1.8616	-0.0368	-2.7687	-0.0079	-0.0001	0.1968	-0.1687	0.0000	0.0000	0.0000	0.0000	0.0000	0.0000	0.0000	0.0000
315.0000	3536913968.0000	15754.2322	1.2862	-4.7892	-2.9119	1.4582	0.0037	-0.0001	-0.3546	-0.1716	0.0000	0.0000	0.0000	0.0000	0.0000	0.0000	0.0000	0.0000
316.0000	3536913969.0000	15804.2668	-3.1102	-4.0451	3.0504	3.4276	0.0091	-0.0001	0.0109	-0.0214	0.0000	0.0000	0.0000	0.0000	0.0000	0.0000	0.0000	0.0000
317.0000	3536913970.0000	15854.3014	-5.2764	-0.1766	2.1837	-5.5614	-0.0156	-0.0002	0.2055	-0.7458	0.0000	0.0000	0.0000	0.0000	0.0000	0.0000	0.0000	0.0000
318.0000	3536913971.0000	15904.3361	-3.4132	3.8011	-6.6824	-2.1761	-0.0063	-0.0001	0.0530	-0.2631	0.0000	0.0000	0.0000	0.0000	0.0000	0.0000	0.0000	0.0000
319.0000	3536913971.0000	15951.0350	0.8938	4.8969	-3.0394	6.6832	0.0180	-0.0001	0.9436	0.0049	0.0000	0.0000	0.0000	0.0000	0.0000	0.0000	0.0000	0.0000
320.0000	3536913972.0000	16004.4053	4.6607	2.1633	6.0419	1.6867	0.0043	-0.0001	-0.1467	-0.2199	0.0000	0.0000	0.0000	0.0000	0.0000	0.0000	0.0000	0.0000
321.0000	3536913973.0000	16054.4399	4.7307	-2.2136	1.1288	-6.6730	-0.0187	-0.0002	0.2275	0.3433	0.0000	0.0000	0.0000	0.0000	0.0000	0.0000	0.0000	0.0000
322.0000	3536913974.0000	16104.4745	1.2823	-4.8621	-5.6884	0.0323	-0.0002	-0.0001	0.1584	-0.2888	0.0000	0.0000	0.0000	0.0000	0.0000	0.0000	0.0000	0.0000
323.0000	3536913975.0000	16151.1735	-3.0820	-3.8133	0.8750	3.4360	0.0091	-0.0001	0.7937	-0.3114	0.0000	0.0000	0.0000	0.0000	0.0000	0.0000	0.0000	0.0000
324.0000	3536913976.0000	16204.5437	-5.1628	0.1765	3.3713	-1.2975	-0.0038	-0.0001	0.1700	-0.4372	0.0000	0.0000	0.0000	0.0000	0.0000	0.0000	0.0000	0.0000
325.0000	3536913976.0000	16251.2427	-3.3999	4.0829	-3.5166	-1.2885	-0.0038	-0.0001	-0.7809	-0.4888	0.0000	0.0000	0.0000	0.0000	0.0000	0.0000	0.0000	0.0000
326.0000	3536913977.0000	16304.6130	1.1112	4.7879	0.5139	3.6487	0.0097	-0.0001	-0.0618	-0.2693	0.0000	0.0000	0.0000	0.0000	0.0000	0.0000	0.0000	0.0000
327.0000	3536913978.0000	16354.6476	4.6216	1.9693	5.8068	-1.8745	-0.0055	-0.0002	0.3234	-0.1881	0.0000	0.0000	0.0000	0.0000	0.0000	0.0000	0.0000	0.0000
328.0000	3536913979.0000	16404.6822	4.4728	-2.5055	-2.6500	-5.6690	-0.0159	-0.0002	0.0296	-0.2238	0.0000	0.0000	0.0000	0.0000	0.0000	0.0000	0.0000	0.0000
329.0000	3536913980.0000	16454.7168	0.9406	-5.1569	-7.8116	3.4013	0.0090	-0.0001	0.4250	0.1295	0.0000	0.0000	0.0000	0.0000	0.0000	0.0000	0.0000	0.0000
330.0000	3536913981.0000	16504.7514	-3.3125	-3.8334	3.6143	6.5400	0.0177	-0.0001	-0.3114	-0.4600	0.0000	0.0000	0.0000	0.0000	0.0000	0.0000	0.0000	0.0000
331.0000	3536913981.0000	16554.7860	-4.9432	0.3087	5.6387	-2.8203	-0.0080	-0.0001	0.0205	-0.2879	0.0000	0.0000	0.0000	0.0000	0.0000	0.0000	0.0000	0.0000
332.0000	3536913982.0000	16604.8207	-2.8746	4.2809	-2.4127	-3.1925	-0.0090	-0.0001	0.2667	-0.3873	0.0000	0.0000	0.0000	0.0000	0.0000	0.0000	0.0000	0.0000
333.0000	3536913983.0000	16651.5196	1.2347	5.0959	-2.3056	3.8751	0.0103	-0.0001	0.5732	-0.3445	0.0000	0.0000	0.0000	0.0000	0.0000	0.0000	0.0000	0.0000
334.0000	3536913984.0000	16704.8899	4.5993	1.9392	2.5021	-0.9849	-0.0030	-0.0001	0.1521	-0.1238	0.0000	0.0000	0.0000	0.0000	0.0000	0.0000	0.0000	0.0000
335.0000	3536913985.0000	16754.9245	4.2222	-2.5593	-2.8352	-3.9128	-0.0110	-0.0001	-0.3000	0.5972	0.0000	0.0000	0.0000	0.0000	0.0000	0.0000	0.0000	0.0000
336.0000	3536913986.0000	16801.6235	0.5564	-5.1499	-2.4352	4.3357	0.0116	-0.0001	0.2175	-0.1895	0.0000	0.0000	0.0000	0.0000	0.0000	0.0000	0.0000	0.0000
337.0000	3536913986.0000	16854.9937	-3.6020	-3.8166	5.1416	4.5272	0.0121	-0.0001	-0.4995	0.1360	0.0000	0.0000	0.0000	0.0000	0.0000	0.0000	0.0000	0.0000
338.0000	3536913987.0000	16901.6927	-4.9885	0.3824	3.8821	-5.7217	-0.0160	-0.0002	-0.0620	0.4339	0.0000	0.0000	0.0000	0.0000	0.0000	0.0000	0.0000	0.0000
339.0000	3536913988.0000	16955.0630	-2.6266	4.2525	-6.5482	-4.0475	-0.0114	-0.0002	0.4184	0.7848	0.0000	0.0000	0.0000	0.0000	0.0000	0.0000	0.0000	0.0000
340.0000	3536913989.0000	17001.7619	1.7960	4.8789	-2.1418	4.3503	0.0116	-0.0001	0.6074	-0.4420	0.0000	0.0000	0.0000	0.0000	0.0000	0.0000	0.0000	0.0000
341.0000	3536913990.0000	17051.7965	4.9828	1.7273	4.6593	1.8083	0.0046	-0.0001	0.0212	-0.3066	0.0000	0.0000	0.0000	0.0000	0.0000	0.0000	0.0000	0.0000
342.0000	3536913991.0000	17101.8312	4.2024	-2.6306	-0.7629	-2.9601	-0.0084	-0.0001	-0.1858	-0.3321	0.0000	0.0000	0.0000	0.0000	0.0000	0.0000	0.0000	0.0000
343.0000	3536913991.0000	17151.8658	0.3516	-4.9372	-2.9712	2.5118	0.0066	-0.0001	0.0197	-0.3476	0.0000	0.0000	0.0000	0.0000	0.0000	0.0000	0.0000	0.0000
344.0000	3536913992.0000	17205.2360	-3.8318	-3.5482	3.1029	2.2964	0.0060	-0.0001	0.2317	-0.5108	0.0000	0.0000	0.0000	0.0000	0.0000	0.0000	0.0000	0.0000
345.0000	3536913993.0000	17251.9350	-5.1499	0.5765	1.6121	-4.2580	-0.0120	-0.0001	-0.1735	-0.6083	0.0000	0.0000	0.0000	0.0000	0.0000	0.0000	0.0000	0.0000
346.0000	3536913994.0000	17301.9696	-2.6435	4.2142	-4.9737	-0.3035	-0.0011	-0.0001	0.2521	0.1962	0.0000	0.0000	0.0000	0.0000	0.0000	0.0000	0.0000	0.0000
347.0000	3536913995.0000	17352.0042	1.9141	4.5536	-0.3776	6.1811	0.0166	-0.0001	-0.3621	0.3182	0.0000	0.0000	0.0000	0.0000	0.0000	0.0000	0.0000	0.0000
348.0000	3536913996.0000	17405.3745	4.9744	1.3289	5.7171	-1.6220	-0.0048	-0.0002	0.1816	-0.4153	0.0000	0.0000	0.0000	0.0000	0.0000	0.0000	0.0000	0.0000
349.0000	3536913996.0000	17452.0735	4.2165	-2.8772	-1.0854	-6.5871	-0.0184	-0.0002	0.0348	0.7503	0.0000	0.0000	0.0000	0.0000	0.0000	0.0000	0.0000	0.0000
350.0000	3536913997.0000	17502.1081	0.5931	-4.9543	-5.3375	1.3331	0.0034	-0.0001	0.1802	0.5403	0.0000	0.0000	0.0000	0.0000	0.0000	0.0000	0.0000	0.0000
351.0000	3536913998.0000	17552.1427	-3.7000	-3.3927	1.8637	4.5843	0.0123	-0.0001	-0.5002	0.4111	0.0000	0.0000	0.0000	0.0000	0.0000	0.0000	0.0000	0.0000
352.0000	3536913999.0000	17598.8417	-5.1200	0.7504	2.6805	-1.3658	-0.0040	-0.0001	-0.0188	0.1392	0.0000	0.0000	0.0000	0.0000	0.0000	0.0000	0.0000	0.0000
353.0000	3536914000.0000	17648.8763	-2.7408	4.3121	-2.6590	-1.9703	-0.0057	-0.0001	-0.6186	0.0332	0.0000	0.0000	0.0000	0.0000	0.0000	0.0000	0.0000	0.0000
354.0000	3536914001.0000	17698.9109	1.6029	4.6269	1.2637	3.0620	0.0081	-0.0001	0.8701	0.5168	0.0000	0.0000	0.0000	0.0000	0.0000	0.0000	0.0000	0.0000
355.0000	3536914001.0000	17748.9455	4.8398	1.3532	5.0040	-2.3498	-0.0067	-0.0001	-0.0537	-0.1070	0.0000	0.0000	0.0000	0.0000	0.0000	0.0000	0.0000	0.0000
356.0000	3536914002.0000	17802.3158	4.1787	-3.0235	-4.1911	-5.5775	-0.0156	-0.0002	0.3468	-0.0077	0.0000	0.0000	0.0000	0.0000	0.0000	0.0000	0.0000	0.0000
357.0000	3536914003.0000	17849.0147	0.4542	-5.1868	-6.4943	5.2323	0.0141	-0.0001	-0.2129	0.7248	0.0000	0.0000	0.0000	0.0000	0.0000	0.0000	0.0000	0.0000
358.0000	3536914004.0000	17902.3850	-3.5410	-3.3617	4.8825	6.0897	0.0164	-0.0001	-0.1059	0.4148	0.0000	0.0000	0.0000	0.0000	0.0000	0.0000	0.0000	0.0000
359.0000	3536914005.0000	17949.0840	-4.9281	0.9693	5.4157	-3.2865	-0.0093	-0.0001	0.0923	0.1898	0.0000	0.0000	0.0000	0.0000	0.0000	0.0000	0.0000	0.0000
360.0000	3536914006.0000	18002.4542	-2.3780	4.6608	-4.0882	-3.8169	-0.0107	-0.0001	0.0696	-0.0375	0.0000	0.0000	0.0000	0.0000	0.0000	0.0000	0.0000	0.0000
361.0000	3536914007.0000	18049.1532	1.8207	4.8611	-2.5329	3.5184	0.0093	-0.0001	0.1570	-0.5122	0.0000	0.0000	0.0000	0.0000	0.0000	0.0000	0.0000	0.0000
362.0000	3536914007.0000	18102.5234	4.6898	1.3374	2.1506	-1.0065	-0.0030	-0.0001	0.3162	0.2053	0.0000	0.0000	0.0000	0.0000	0.0000	0.0000	0.0000	0.0000
363.0000	3536914008.0000	18152.5581	3.8712	-3.1116	-2.2768	-2.2129	-0.0063	-0.0001	0.0473	0.6357	0.0000	0.0000	0.0000	0.0000	0.0000	0.0000	0.0000	0.0000
364.0000	3536914009.0000	18202.5927	0.0624	-5.1420	-1.9890	4.2314	0.0113	-0.0001	0.3520	-0.1619	0.0000	0.0000	0.0000	0.0000	0.0000	0.0000	0.0000	0.0000
365.0000	3536914010.0000	18249.2916	-3.8954	-3.3619	5.7952	3.2905	0.0087	-0.0001	0.0299	0.0069	0.0000	0.0000	0.0000	0.0000	0.0000	0.0000	0.0000	0.0000
366.0000	3536914011.0000	18299.3263	-4.8328	1.0534	1.8490	-6.4787	-0.0181	-0.0001	0.5625	-0.1054	0.0000	0.0000	0.0000	0.0000	0.0000	0.0000	0.0000	0.0000
367.0000	3536914012.0000	18349.3609	-2.0693	4.5481	-6.4363	-2.0807	-0.0060	-0.0001	-0.1208	0.3043	0.0000	0.0000	0.0000	0.0000	0.0000	0.0000	0.0000	0.0000
368.0000	3536914012.0000	18399.3955	2.3935	4.5726	-1.0957	5.6707	0.0153	-0.0001	0.3907	-0.2567	0.0000	0.0000	0.0000	0.0000	0.0000	0.0000	0.0000	0.0000
369.0000	3536914013.0000	18452.7657	4.9323	1.1486	4.6696	0.0777	-0.0001	-0.0001	0.0500	-0.3308	0.0000	0.0000	0.0000	0.0000	0.0000	0.0000	0.0000	0.0000
370.0000	3536914014.0000	18499.4647	3.8115	-3.1529	-1.4437	-4.8331	-0.0135	-0.0002	-0.1656	0.2375	0.0000	0.0000	0.0000	0.0000	0.0000	0.0000	0.0000	0.0000
371.0000	3536914015.0000	18549.4993	-0.3276	-5.0314	-3.3873	1.8743	0.0048	-0.0001	0.1855	-0.2789	0.0000	0.0000	0.0000	0.0000	0.0000	0.0000	0.0000	0.0000
372.0000	3536914016.0000	18599.5339	-4.2368	-3.0615	3.3997	2.2785	0.0060	-0.0001	-0.5251	-0.2489	0.0000	0.0000	0.0000	0.0000	0.0000	0.0000	0.0000	0.0000
373.0000	3536914017.0000	18649.5686	-4.9103	1.1547	0.6889	-3.8552	-0.0108	-0.0001	0.3827	0.2266	0.0000	0.0000	0.0000	0.0000	0.0000	0.0000	0.0000	0.0000
374.0000	3536914017.0000	18702.9388	-1.9212	4.4924	-4.7573	0.4271	0.0009	-0.0001	-0.7701	0.0000	0.0000	0.0000	0.0000	0.0000	0.0000	0.0000	0.0000	0.0000
375.0000	3536914018.0000	18749.6378	2.4254	4.4149	1.7974	6.6029	0.0179	-0.0001	-0.0298	-0.0188	0.0000	0.0000	0.0000	0.0000	0.0000	0.0000	0.0000	0.0000
376.0000	3536914019.0000	18803.0080	4.9883	0.7177	5.0069	-3.1849	-0.0091	-0.0001	-0.3395	-0.2945	0.0000	0.0000	0.0000	0.0000	0.0000	0.0000	0.0000	0.0000
377.0000	3536914020.0000	18853.0427	3.7570	-3.3202	-2.5783	-6.6827	-0.0187	-0.0002	-0.1333	0.6607	0.0000	0.0000	0.0000	0.0000	0.0000	0.0000	0.0000	0.0000
378.0000	3536914021.0000	18903.0773	-0.3736	-4.8683	-6.0472	3.9202	0.0105	-0.0001	0.4470	0.2951	0.0000	0.0000	0.0000	0.0000	0.0000	0.0000	0.0000	0.0000
379.0000	3536914022.0000	18949.7762	-4.2549	-2.7983	2.5381	5.0724	0.0136	-0.0001	-0.0665	0.2370	0.0000	0.0000	0.0000	0.0000	0.0000	0.0000	0.0000	0.0000
380.0000	3536914022.0000	19003.1465	-4.8649	1.4193	2.9145	-2.7208	-0.0077	-0.0001	-0.0096	-0.5736	0.0000	0.0000	0.0000	0.0000	0.0000	0.0000	0.0000	0.0000
381.0000	3536914023.0000	19053.1811	-1.9460	4.6676	-1.4600	-1.8733	-0.0054	-0.0001	0.4560	0.1148	0.0000	0.0000	0.0000	0.0000	0.0000	0.0000	0.0000	0.0000
382.0000	3536914024.0000	19099.8801	2.4551	4.3394	2.1002	2.9050	0.0077	-0.0001	-0.4879	-0.3215	0.0000	0.0000	0.0000	0.0000	0.0000	0.0000	0.0000	0.0000
383.0000	3536914025.0000	19153.2503	4.9176	0.5222	2.5503	-2.7189	-0.0077	-0.0001	-0.0709	-0.7729	0.0000	0.0000	0.0000	0.0000	0.0000	0.0000	0.0000	0.0000
384.0000	3536914026.0000	19203.2850	3.5961	-3.6337	-6.1342	-3.1303	-0.0089	-0.0001	-0.0664	-0.2951	0.0000	0.0000	0.0000	0.0000	0.0000	0.0000	0.0000	0.0000
385.0000	3536914027.0000	19253.3196	-0.4814	-4.8982	-4.8459	5.8347	0.0158	-0.0000	-0.4329	-0.2656	0.0000	0.0000	0.0000	0.0000	0.0000	0.0000	0.0000	0.0000
386.0000	3536914027.0000	19300.0185	-4.1743	-2.5171	6.6353	4.5480	0.0122	-0.0000	0.7859	-0.3385	0.0000	0.0000	0.0000	0.0000	0.0000	0.0000	0.0000	0.0000
387.0000	3536914028.0000	19350.0532	-4.5465	1.8615	3.7715	-5.1503	-0.0144	-0.0001	-0.3262	-0.1519	0.0000	0.0000	0.0000	0.0000	0.0000	0.0000	0.0000	0.0000
388.0000	3536914029.0000	19400.0878	-1.5315	4.8063	-5.2870	-2.3310	-0.0066	-0.0001	-0.1844	0.4189	0.0000	0.0000	0.0000	0.0000	0.0000	0.0000	0.0000	0.0000
389.0000	3536914030.0000	19450.1224	2.7102	4.3113	-1.0599	3.5179	0.0094	-0.0001	-0.0275	-0.3890	0.0000	0.0000	0.0000	0.0000	0.0000	0.0000	0.0000	0.0000
390.0000	3536914031.0000	19503.4926	4.8318	0.3913	2.0899	-0.9228	-0.0028	-0.0001	0.1950	-0.1969	0.0000	0.0000	0.0000	0.0000	0.0000	0.0000	0.0000	0.0000
391.0000	3536914032.0000	19553.5273	3.2371	-3.9238	-2.8038	-2.1116	-0.0061	-0.0001	0.2087	0.3210	0.0000	0.0000	0.0000	0.0000	0.0000	0.0000	0.0000	0.0000
392.0000	3536914032.0000	19600.2262	-0.8699	-5.0341	-0.6699	3.9421	0.0105	-0.0000	0.3407	-0.1553	0.0000	0.0000	0.0000	0.0000	0.0000	0.0000	0.0000	0.0000
393.0000	3536914033.0000	19650.2608	-4.3627	-2.4927	5.1921	1.2071	0.0031	-0.0000	-0.2075	-0.4963	0.0000	0.0000	0.0000	0.0000	0.0000	0.0000	0.0000	0.0000
394.0000	3536914034.0000	19700.2955	-4.4063	1.9454	0.1849	-6.5473	-0.0183	-0.0001	0.5214	-0.3177	0.0000	0.0000	0.0000	0.0000	0.0000	0.0000	0.0000	0.0000
395.0000	3536914035.0000	19750.3301	-1.1289	4.9184	-6.8894	-0.1255	-0.0006	-0.0001	-0.4229	-0.1776	0.0000	0.0000	0.0000	0.0000	0.0000	0.0000	0.0000	0.0000
396.0000	3536914036.0000	19803.7003	3.0864	4.0991	2.1017	6.4800	0.0175	-0.0000	0.1088	-0.1989	0.0000	0.0000	0.0000	0.0000	0.0000	0.0000	0.0000	0.0000
397.0000	3536914037.0000	19853.7349	4.9342	0.1676	5.3710	-1.6089	-0.0047	-0.0001	-0.1290	0.0724	0.0000	0.0000	0.0000	0.0000	0.0000	0.0000	0.0000	0.0000
398.0000	3536914037.0000	19903.7696	3.0054	-3.8083	-2.8558	-4.6658	-0.0131	-0.0001	-0.6678	-0.5026	0.0000	0.0000	0.0000	0.0000	0.0000	0.0000	0.0000	0.0000
399.0000	3536914038.0000	19953.8042	-1.2406	-4.8783	-3.6866	3.6556	0.0098	-0.0000	0.3410	-0.1817	0.0000	0.0000	0.0000	0.0000	0.0000	0.0000	0.0000	0.0000
400.0000	3536914039.0000	20000.5031	-4.6207	-2.2298	2.5799	1.2292	0.0031	-0.0000	-0.3668	0.4846	0.0000	0.0000	0.0000	0.0000	0.0000	0.0000	0.0000	0.0000
401.0000	3536914040.0000	20050.5378	-4.5842	2.0003	0.2713	-2.9679	-0.0084	-0.0001	-0.9822	-0.8203	0.0000	0.0000	0.0000	0.0000	0.0000	0.0000	0.0000	0.0000
402.0000	3536914041.0000	20103.9080	-0.9401	4.7041	-3.7578	1.5632	0.0040	-0.0001	-0.2944	-0.3247	0.0000	0.0000	0.0000	0.0000	0.0000	0.0000	0.0000	0.0000
403.0000	3536914042.0000	20153.9426	3.3234	3.6889	3.0856	3.7483	0.0100	-0.0000	-0.3935	0.0588	0.0000	0.0000	0.0000	0.0000	0.0000	0.0000	0.0000	0.0000
404.0000	3536914042.0000	20203.9772	5.0772	-0.2111	4.4451	-6.0135	-0.0168	-0.0001	0.4119	0.0349	0.0000	0.0000	0.0000	0.0000	0.0000	0.0000	0.0000	0.0000
405.0000	3536914043.0000	20250.6762	3.0020	-3.8476	-5.4718	-5.0112	-0.0140	-0.0001	-0.0824	0.4784	0.0000	0.0000	0.0000	0.0000	0.0000	0.0000	0.0000	0.0000
406.0000	3536914044.0000	20304.0465	-1.3986	-4.6456	-4.9415	5.4559	0.0147	-0.0000	0.4559	-0.1633	0.0000	0.0000	0.0000	0.0000	0.0000	0.0000	0.0000	0.0000
407.0000	3536914045.0000	20354.0811	-4.7165	-1.7307	4.7768	4.7352	0.0127	-0.0000	0.5930	-0.4659	0.0000	0.0000	0.0000	0.0000	0.0000	0.0000	0.0000	0.0000
408.0000	3536914046.0000	20404.1157	-4.4508	2.4217	2.0389	-5.0097	-0.0140	-0.0001	-0.3192	0.5693	0.0000	0.0000	0.0000	0.0000	0.0000	0.0000	0.0000	0.0000
409.0000	3536914047.0000	20454.1503	-0.8979	4.7726	-2.4169	-0.6458	-0.0020	-0.0001	0.1067	-0.4494	0.0000	0.0000	0.0000	0.0000	0.0000	0.0000	0.0000	0.0000
410.0000	3536914047.0000	20504.1849	3.3640	3.5332	1.6238	2.6710	0.0070	-0.0001	0.3402	-0.3271	0.0000	0.0000	0.0000	0.0000	0.0000	0.0000	0.0000	0.0000
411.0000	3536914048.0000	20550.8839	4.9331	-0.5774	1.1229	-3.0782	-0.0087	-0.0001	0.2864	-0.4891	0.0000	0.0000	0.0000	0.0000	0.0000	0.0000	0.0000	0.0000
412.0000	3536914049.0000	20600.9185	2.7711	-4.2120	-6.3332	-0.5258	-0.0017	-0.0001	-0.0505	0.5298	0.0000	0.0000	0.0000	0.0000	0.0000	0.0000	0.0000	0.0000
413.0000	3536914050.0000	20650.9531	-1.3768	-4.7942	-0.8390	6.7386	0.0183	-0.0000	-0.2339	-0.3476	0.0000	0.0000	0.0000	0.0000	0.0000	0.0000	0.0000	0.0000
414.0000	3536914051.0000	20704.3234	-4.4956	-1.5559	7.4148	1.3031	0.0033	-0.0001	0.2281	-0.0050	0.0000	0.0000	0.0000	0.0000	0.0000	0.0000	0.0000	0.0000
415.0000	3536914052.0000	20751.0224	-4.2163	2.8990	1.1167	-7.2265	-0.0202	-0.0001	0.5841	-0.1088	0.0000	0.0000	0.0000	0.0000	0.0000	0.0000	0.0000	0.0000
416.0000	3536914052.0000	20801.0570	-0.5602	5.0220	-6.2413	-0.9849	-0.0030	-0.0001	-0.0356	0.2617	0.0000	0.0000	0.0000	0.0000	0.0000	0.0000	0.0000	0.0000
417.0000	3536914053.0000	20854.4272	3.3514	3.4595	-0.1359	3.8175	0.0102	-0.0001	0.2807	-0.0035	0.0000	0.0000	0.0000	0.0000	0.0000	0.0000	0.0000	0.0000
418.0000	3536914054.0000	20904.4618	4.7899	-0.7682	3.1738	-1.4257	-0.0042	-0.0001	-0.1705	0.4079	0.0000	0.0000	0.0000	0.0000	0.0000	0.0000	0.0000	0.0000
419.0000	3536914055.0000	20954.4965	2.4164	-4.5174	-2.6329	-1.3286	-0.0039	-0.0001	-0.4483	0.4119	0.0000	0.0000	0.0000	0.0000	0.0000	0.0000	0.0000	0.0000
420.0000	3536914056.0000	21001.1954	-1.7591	-4.7532	-1.1456	4.6406	0.0125	-0.0000	0.8894	0.1225	0.0000	0.0000	0.0000	0.0000	0.0000	0.0000	0.0000	0.0000
421.0000	3536914057.0000	21051.2300	-4.6866	-1.6850	4.2630	-0.9213	-0.0028	-0.0001	0.2463	0.3357	0.0000	0.0000	0.0000	0.0000	0.0000	0.0000	0.0000	0.0000
422.0000	3536914057.0000	21104.6003	-3.8874	2.8264	-1.9688	-5.0150	-0.0140	-0.0001	0.1796	0.0835	0.0000	0.0000	0.0000	0.0000	0.0000	0.0000	0.0000	0.0000
423.0000	3536914058.0000	21154.6349	-0.1744	5.0055	-5.1576	3.0753	0.0082	-0.0001	-0.0605	0.0123	0.0000	0.0000	0.0000	0.0000	0.0000	0.0000	0.0000	0.0000
424.0000	3536914059.0000	21201.3339	3.8088	3.4128	3.8806	6.4590	0.0175	-0.0000	-0.6275	-0.3292	0.0000	0.0000	0.0000	0.0000	0.0000	0.0000	0.0000	0.0000
425.0000	3536914060.0000	21251.3685	4.7614	-0.8022	4.0620	-4.5408	-0.0127	-0.0001	0.3581	-0.3041	0.0000	0.0000	0.0000	0.0000	0.0000	0.0000	0.0000	0.0000
426.0000	3536914061.0000	21301.4031	2.2503	-4.3567	-4.7623	-4.4721	-0.0125	-0.0001	0.2300	0.2874	0.0000	0.0000	0.0000	0.0000	0.0000	0.0000	0.0000	0.0000
427.0000	3536914062.0000	21354.7734	-2.2996	-4.5691	-3.2448	3.9384	0.0105	-0.0000	0.2442	-0.1444	0.0000	0.0000	0.0000	0.0000	0.0000	0.0000	0.0000	0.0000
428.0000	3536914062.0000	21404.8080	-4.9484	-1.2828	4.2610	1.5161	0.0039	-0.0001	-0.0946	0.3507	0.0000	0.0000	0.0000	0.0000	0.0000	0.0000	0.0000	0.0000
429.0000	3536914063.0000	21451.5070	-3.9129	2.9117	0.1142	-2.7774	-0.0079	-0.0001	-0.0605	0.5420	0.0000	0.0000	0.0000	0.0000	0.0000	0.0000	0.0000	0.0000
430.0000	3536914064.0000	21501.5416	-0.0089	4.8494	-2.8021	1.8380	0.0048	-0.0001	0.1875	0.5016	0.0000	0.0000	0.0000	0.0000	0.0000	0.0000	0.0000	0.0000
431.0000	3536914065.0000	21554.9118	3.9966	3.0400	3.5950	1.3441	0.0034	-0.0001	-0.1813	0.2599	0.0000	0.0000	0.0000	0.0000	0.0000	0.0000	0.0000	0.0000
432.0000	3536914066.0000	21604.9464	4.8895	-1.0760	1.8285	-5.3460	-0.0149	-0.0001	0.0441	0.5051	0.0000	0.0000	0.0000	0.0000	0.0000	0.0000	0.0000	0.0000
433.0000	3536914067.0000	21651.6454	2.1624	-4.3782	-6.9076	-2.3979	-0.0068	-0.0001	-0.5586	0.0172	0.0000	0.0000	0.0000	0.0000	0.0000	0.0000	0.0000	0.0000
434.0000	3536914067.0000	21705.0157	-2.3072	-4.2686	-1.9249	7.7487	0.0211	0.0000	-0.0178	-0.0270	0.0000	0.0000	0.0000	0.0000	0.0000	0.0000	0.0000	0.0000
435.0000	3536914068.0000	21755.0503	-4.9604	-0.8917	6.4687	2.7512	0.0073	-0.0000	0.2834	0.2371	0.0000	0.0000	0.0000	0.0000	0.0000	0.0000	0.0000	0.0000
436.0000	3536914069.0000	21801.7493	-3.9324	3.2373	1.9174	-6.2544	-0.0175	-0.0001	0.8404	0.1947	0.0000	0.0000	0.0000	0.0000	0.0000	0.0000	0.0000	0.0000
437.0000	3536914070.0000	21851.7839	0.1365	4.8947	-3.0590	0.1765	0.0002	-0.0001	0.1885	-0.8358	0.0000	0.0000	0.0000	0.0000	0.0000	0.0000	0.0000	0.0000
438.0000	3536914071.0000	21901.8185	3.9499	2.7041	1.6629	1.4761	0.0038	-0.0001	-0.8365	0.2201	0.0000	0.0000	0.0000	0.0000	0.0000	0.0000	0.0000	0.0000
439.0000	3536914072.0000	21951.8531	4.8187	-1.4957	0.6969	-2.7908	-0.0079	-0.0001	0.8980	0.0981	0.0000	0.0000	0.0000	0.0000	0.0000	0.0000	0.0000	0.0000
440.0000	3536914073.0000	22001.8877	2.0668	-4.6513	-5.0653	-0.3030	-0.0011	-0.0001	0.0268	-0.1916	0.0000	0.0000	0.0000	0.0000	0.0000	0.0000	0.0000	0.0000
441.0000	3536914073.0000	22055.2580	-2.3098	-4.1382	1.6991	6.5012	0.0176	-0.0000	-0.2626	-0.1150	0.0000	0.0000	0.0000	0.0000	0.0000	0.0000	0.0000	0.0000
442.0000	3536914074.0000	22101.9569	-4.8425	-0.5151	7.9325	-1.6467	-0.0047	-0.0001	-0.0288	-0.4004	0.0000	0.0000	0.0000	0.0000	0.0000	0.0000	0.0000	0.0000
443.0000	3536914075.0000	22151.9916	-3.6235	3.4794	-1.5813	-6.4135	-0.0179	-0.0001	-0.1097	-0.6357	0.0000	0.0000	0.0000	0.0000	0.0000	0.0000	0.0000	0.0000
444.0000	3536914076.0000	22202.0262	0.3088	5.0108	-6.2663	2.3288	0.0061	-0.0000	0.2666	0.8843	0.0000	0.0000	0.0000	0.0000	0.0000	0.0000	0.0000	0.0000
445.0000	3536914077.0000	22255.3964	4.0223	2.6896	1.6981	5.1386	0.0138	-0.0000	-0.5379	0.0526	0.0000	0.0000	0.0000	0.0000	0.0000	0.0000	0.0000	0.0000
446.0000	3536914078.0000	22305.4310	4.5044	-1.7387	2.6968	-2.5603	-0.0073	-0.0001	0.1378	0.6896	0.0000	0.0000	0.0000	0.0000	0.0000	0.0000	0.0000	0.0000
447.0000	3536914078.0000	22355.4657	1.5499	-4.8214	-3.0579	-2.3826	-0.0068	-0.0001	0.8141	-0.0715	0.0000	0.0000	0.0000	0.0000	0.0000	0.0000	0.0000	0.0000
448.0000	3536914079.0000	22402.1646	-2.5757	-4.4004	-0.0651	2.8938	0.0076	-0.0000	0.0577	-0.4424	0.0000	0.0000	0.0000	0.0000	0.0000	0.0000	0.0000	0.0000
449.0000	3536914080.0000	22455.5349	-4.6630	-0.6407	3.1627	-1.8235	-0.0052	-0.0001	-0.2539	0.1778	0.0000	0.0000	0.0000	0.0000	0.0000	0.0000	0.0000	0.0000
450.0000	3536914081.0000	22502.2339	-3.4910	3.4905	-2.8362	-4.3182	-0.0121	-0.0001	-0.3326	0.0338	0.0000	0.0000	0.0000	0.0000	0.0000	0.0000	0.0000	0.0000
451.0000	3536914082.0000	22548.9328	0.4678	5.0884	-3.8227	4.3729	0.0117	-0.0001	-0.4539	0.1145	0.0000	0.0000	0.0000	0.0000	0.0000	0.0000	0.0000	0.0000
452.0000	3536914083.0000	22602.3031	4.0663	2.7053	4.9462	3.9545	0.0105	-0.0001	-0.6064	-0.1166	0.0000	0.0000	0.0000	0.0000	0.0000	0.0000	0.0000	0.0000
453.0000	3536914083.0000	22649.0021	4.6779	-1.4438	4.1732	-5.8454	-0.0163	-0.0001	-0.1687	0.0052	0.0000	0.0000	0.0000	0.0000	0.0000	0.0000	0.0000	0.0000
454.0000	3536914084.0000	22702.3723	1.5043	-4.5851	-5.6998	-3.5974	-0.0101	-0.0001	-0.1356	-0.3261	0.0000	0.0000	0.0000	0.0000	0.0000	0.0000	0.0000	0.0000
455.0000	3536914085.0000	22749.0713	-2.8437	-4.3033	-2.9901	5.7500	0.0155	-0.0000	0.1251	-0.0394	0.0000	0.0000	0.0000	0.0000	0.0000	0.0000	0.0000	0.0000
456.0000	3536914086.0000	22799.1059	-4.8995	-0.6335	4.2020	1.5928	0.0041	-0.0001	0.1173	-0.0466	0.0000	0.0000	0.0000	0.0000	0.0000	0.0000	0.0000	0.0000
457.0000	3536914087.0000	22849.1405	-3.3972	3.3518	0.8326	-3.3284	-0.0094	-0.0001	0.0450	-0.4847	0.0000	0.0000	0.0000	0.0000	0.0000	0.0000	0.0000	0.0000
458.0000	3536914088.0000	22899.1751	0.8026	4.8313	-1.9951	1.3936	0.0035	-0.0001	0.1650	-0.1780	0.0000	0.0000	0.0000	0.0000	0.0000	0.0000	0.0000	0.0000
459.0000	3536914088.0000	22949.2097	4.3686	2.5415	2.9822	0.9710	0.0024	-0.0001	-0.5200	-0.1132	0.0000	0.0000	0.0000	0.0000	0.0000	0.0000	0.0000	0.0000
460.0000	3536914089.0000	22999.2444	4.7422	-1.6415	1.3656	-6.0339	-0.0169	-0.0001	-0.6206	-0.0657	0.0000	0.0000	0.0000	0.0000	0.0000	0.0000	0.0000	0.0000
461.0000	3536914090.0000	23052.6146	1.3478	-4.5484	-6.8430	0.9232	0.0023	-0.0001	0.2477	0.5067	0.0000	0.0000	0.0000	0.0000	0.0000	0.0000	0.0000	0.0000
462.0000	3536914091.0000	23102.6492	-3.0129	-3.9006	0.1153	8.3505	0.0227	-0.0000	0.2190	-0.2680	0.0000	0.0000	0.0000	0.0000	0.0000	0.0000	0.0000	0.0000
463.0000	3536914092.0000	23149.3482	-5.1027	-0.3255	6.6854	-0.4767	-0.0016	-0.0001	0.3732	-0.4727	0.0000	0.0000	0.0000	0.0000	0.0000	0.0000	0.0000	0.0000
464.0000	3536914093.0000	23202.7185	-3.2940	3.6317	0.4944	-6.2221	-0.0174	-0.0001	-0.6917	0.3528	0.0000	0.0000	0.0000	0.0000	0.0000	0.0000	0.0000	0.0000
465.0000	3536914093.0000	23252.7531	0.8645	4.6918	-3.9769	1.2542	0.0032	-0.0001	-0.3143	0.0683	0.0000	0.0000	0.0000	0.0000	0.0000	0.0000	0.0000	0.0000
466.0000	3536914094.0000	23302.7877	4.4774	2.1297	1.5680	2.5200	0.0066	-0.0001	-0.2186	0.0085	0.0000	0.0000	0.0000	0.0000	0.0000	0.0000	0.0000	0.0000
467.0000	3536914095.0000	23352.8223	4.5991	-2.0764	0.4541	-2.9749	-0.0084	-0.0001	0.5810	-0.0261	0.0000	0.0000	0.0000	0.0000	0.0000	0.0000	0.0000	0.0000
468.0000	3536914096.0000	23399.5213	1.3760	-4.6937	-4.0776	0.2980	0.0005	-0.0001	-0.1324	0.3953	0.0000	0.0000	0.0000	0.0000	0.0000	0.0000	0.0000	0.0000
469.0000	3536914097.0000	23452.8915	-2.8884	-3.7770	2.0044	5.4220	0.0146	-0.0001	-0.4242	0.0468	0.0000	0.0000	0.0000	0.0000	0.0000	0.0000	0.0000	0.0000
470.0000	3536914098.0000	23499.5905	-4.9542	-0.0854	6.6965	-2.4854	-0.0071	-0.0001	0.2897	-0.1523	0.0000	0.0000	0.0000	0.0000	0.0000	0.0000	0.0000	0.0000
471.0000	3536914098.0000	23552.9608	-3.0955	3.9890	-3.7695	-6.2076	-0.0173	-0.0001	0.2076	0.2119	0.0000	0.0000	0.0000	0.0000	0.0000	0.0000	0.0000	0.0000
472.0000	3536914099.0000	23602.9954	0.9468	4.8019	-5.7702	3.7554	0.0100	-0.0001	0.2972	0.1927	0.0000	0.0000	0.0000	0.0000	0.0000	0.0000	0.0000	0.0000
473.0000	3536914100.0000	23649.6943	4.3194	2.0093	4.0902	3.2224	0.0085	-0.0001	-0.4515	0.0880	0.0000	0.0000	0.0000	0.0000	0.0000	0.0000	0.0000	0.0000
474.0000	3536914101.0000	23699.7290	4.4365	-2.1677	5.0423	-4.1979	-0.0118	-0.0001	0.1569	0.0434	0.0000	0.0000	0.0000	0.0000	0.0000	0.0000	0.0000	0.0000
475.0000	3536914102.0000	23753.0992	0.9614	-4.9631	-4.0781	-1.2576	-0.0037	-0.0001	-0.0602	0.0038	0.0000	0.0000	0.0000	0.0000	0.0000	0.0000	0.0000	0.0000
476.0000	3536914103.0000	23803.1338	-3.0813	-3.8592	-1.4163	3.5533	0.0094	-0.0001	0.0505	0.0913	0.0000	0.0000	0.0000	0.0000	0.0000	0.0000	0.0000	0.0000
477.0000	3536914103.0000	23853.1684	-4.8228	0.1690	4.4814	-1.1234	-0.0033	-0.0001	-0.0349	-0.6761	0.0000	0.0000	0.0000	0.0000	0.0000	0.0000	0.0000	0.0000
478.0000	3536914104.0000	23903.2031	-2.8237	4.0606	-2.6449	-2.3569	-0.0067	-0.0001	0.8436	-0.1262	0.0000	0.0000	0.0000	0.0000	0.0000	0.0000	0.0000	0.0000
479.0000	3536914105.0000	23949.9020	1.3213	4.8341	-1.7006	4.9368	0.0133	-0.0000	-0.4545	-0.0614	0.0000	0.0000	0.0000	0.0000	0.0000	0.0000	0.0000	0.0000
480.0000	3536914106.0000	23999.9366	4.4208	2.1085	6.6322	2.5183	0.0066	-0.0001	-0.7057	-0.7840	0.0000	0.0000	0.0000	0.0000	0.0000	0.0000	0.0000	0.0000
481.0000	3536914107.0000	24053.3069	4.0469	-2.3215	0.6003	-6.9384	-0.0194	-0.0002	0.6956	0.1683	0.0000	0.0000	0.0000	0.0000	0.0000	0.0000	0.0000	0.0000
482.0000	3536914108.0000	24103.3415	0.5670	-4.8986	-6.2129	-0.9031	-0.0027	-0.0001	0.4949	-0.3099	0.0000	0.0000	0.0000	0.0000	0.0000	0.0000	0.0000	0.0000
483.0000	3536914108.0000	24150.0405	-3.5059	-3.6892	-0.5556	6.8353	0.0185	-0.0000	-0.1733	0.1838	0.0000	0.0000	0.0000	0.0000	0.0000	0.0000	0.0000	0.0000
484.0000	3536914109.0000	24200.0751	-4.9662	0.1025	5.7191	0.7433	0.0018	-0.0001	0.1811	0.3566	0.0000	0.0000	0.0000	0.0000	0.0000	0.0000	0.0000	0.0000
485.0000	3536914110.0000	24253.4454	-2.6113	3.9198	-0.8095	-3.7428	-0.0105	-0.0001	-0.2927	-0.2427	0.0000	0.0000	0.0000	0.0000	0.0000	0.0000	0.0000	0.0000
486.0000	3536914111.0000	24303.4800	1.6176	4.5924	-1.0746	1.5015	0.0038	-0.0001	-0.0098	-0.0923	0.0000	0.0000	0.0000	0.0000	0.0000	0.0000	0.0000	0.0000
487.0000	3536914112.0000	24353.5146	4.6831	1.7447	3.0098	-0.1711	-0.0008	-0.0001	-0.2162	0.3639	0.0000	0.0000	0.0000	0.0000	0.0000	0.0000	0.0000	0.0000
488.0000	3536914113.0000	24400.2136	4.2525	-2.3891	-1.3460	-4.6966	-0.0131	-0.0001	-0.3606	0.9191	0.0000	0.0000	0.0000	0.0000	0.0000	0.0000	0.0000	0.0000
489.0000	3536914113.0000	24453.5838	0.4030	-4.7548	-6.1547	2.2248	0.0058	-0.0001	-0.0041	0.1434	0.0000	0.0000	0.0000	0.0000	0.0000	0.0000	0.0000	0.0000
490.0000	3536914114.0000	24503.6184	-3.6628	-3.3750	3.5707	7.0495	0.0191	-0.0000	-0.1273	-0.0987	0.0000	0.0000	0.0000	0.0000	0.0000	0.0000	0.0000	0.0000
491.0000	3536914115.0000	24550.3174	-5.1091	0.6237	8.0540	-3.0221	-0.0085	-0.0001	-0.1044	-0.0516	0.0000	0.0000	0.0000	0.0000	0.0000	0.0000	0.0000	0.0000
492.0000	3536914116.0000	24603.6877	-2.5971	4.0899	-2.0235	-5.1233	-0.0143	-0.0001	-0.1263	-0.2544	0.0000	0.0000	0.0000	0.0000	0.0000	0.0000	0.0000	0.0000
493.0000	3536914117.0000	24653.7223	1.6667	4.4453	-5.2109	3.1113	0.0083	-0.0001	0.8471	-0.1778	0.0000	0.0000	0.0000	0.0000	0.0000	0.0000	0.0000	0.0000
494.0000	3536914118.0000	24700.4212	4.7576	1.4434	2.1437	3.0741	0.0081	-0.0001	-0.4155	0.1538	0.0000	0.0000	0.0000	0.0000	0.0000	0.0000	0.0000	0.0000
495.0000	3536914118.0000	24750.4559	4.1735	-2.7374	0.3661	-3.2456	-0.0091	-0.0001	0.3081	-0.2883	0.0000	0.0000	0.0000	0.0000	0.0000	0.0000	0.0000	0.0000
496.0000	3536914119.0000	24800.4905	0.5539	-4.8386	-2.8019	0.6500	0.0015	-0.0001	-0.3985	0.0188	0.0000	0.0000	0.0000	0.0000	0.0000	0.0000	0.0000	0.0000
497.0000	3536914120.0000	24853.8607	-3.5487	-3.1643	3.5678	3.7797	0.0101	-0.0000	-0.1578	-0.0778	0.0000	0.0000	0.0000	0.0000	0.0000	0.0000	0.0000	0.0000
498.0000	3536914121.0000	24900.5597	-4.8867	0.9660	3.9150	-4.0950	-0.0115	-0.0001	0.6602	0.0451	0.0000	0.0000	0.0000	0.0000	0.0000	0.0000	0.0000	0.0000
499.0000	3536914122.0000	24950.5943	-2.4783	4.3865	-5.6315	-3.3755	-0.0095	-0.0001	-0.1661	0.5867	0.0000	0.0000	0.0000	0.0000	0.0000	0.0000	0.0000	0.0000
500.0000	3536914123.0000	25003.9646	1.8186	4.3882	-3.4008	5.4877	0.0148	-0.0001	-0.0326	-0.0402	0.0000	0.0000	0.0000	0.0000	0.0000	0.0000	0.0000	0.0000
501.0000	3536914123.0000	25053.9992	4.6398	1.0484	5.8277	3.3316	0.0088	-0.0001	-0.1580	0.0925	0.0000	0.0000	0.0000	0.0000	0.0000	0.0000	0.0000	0.0000
502.0000	3536914124.0000	25100.6982	3.8338	-3.1025	2.3015	-5.8322	-0.0163	-0.0001	0.1757	-0.4551	0.0000	0.0000	0.0000	0.0000	0.0000	0.0000	0.0000	0.0000
503.0000	3536914125.0000	25154.0684	0.1292	-4.9262	-5.3667	-0.7309	-0.0023	-0.0001	0.1649	0.0191	0.0000	0.0000	0.0000	0.0000	0.0000	0.0000	0.0000	0.0000
504.0000	3536914126.0000	25204.1030	-3.6315	-3.1085	0.0531	4.4310	0.0119	-0.0001	-0.0979	0.0935	0.0000	0.0000	0.0000	0.0000	0.0000	0.0000	0.0000	0.0000
505.0000	3536914127.0000	25254.1376	-4.5209	1.0854	4.2191	-0.7932	-0.0024	-0.0001	0.2528	0.0673	0.0000	0.0000	0.0000	0.0000	0.0000	0.0000	0.0000	0.0000
506.0000	3536914128.0000	25304.1723	-1.9614	4.5014	-3.2599	-1.2920	-0.0038	-0.0001	0.0029	0.2014	0.0000	0.0000	0.0000	0.0000	0.0000	0.0000	0.0000	0.0000
507.0000	3536914128.0000	25354.2069	2.2289	4.4617	-0.3932	4.6271	0.0124	-0.0001	-0.2537	0.0108	0.0000	0.0000	0.0000	0.0000	0.0000	0.0000	0.0000	0.0000
508.0000	3536914129.0000	25404.2415	4.5847	1.0342	5.7296	-0.5385	-0.0017	-0.0001	0.3036	-0.0699	0.0000	0.0000	0.0000	0.0000	0.0000	0.0000	0.0000	0.0000
509.0000	3536914130.0000	25450.9405	3.4936	-3.0629	-0.9913	-6.3854	-0.0178	-0.0001	0.4913	-0.5257	0.0000	0.0000	0.0000	0.0000	0.0000	0.0000	0.0000	0.0000
510.0000	3536914131.0000	25500.9751	-0.3419	-4.9858	-7.7958	1.4068	0.0036	-0.0001	-0.1806	0.1676	0.0000	0.0000	0.0000	0.0000	0.0000	0.0000	0.0000	0.0000
511.0000	3536914132.0000	25551.0097	-4.0300	-2.9771	2.2540	7.2717	0.0198	-0.0000	0.0205	0.5335	0.0000	0.0000	0.0000	0.0000	0.0000	0.0000	0.0000	0.0000
512.0000	3536914133.0000	25601.0443	-4.6308	1.1702	5.5419	-2.3848	-0.0068	-0.0001	0.0407	0.0228	0.0000	0.0000	0.0000	0.0000	0.0000	0.0000	0.0000	0.0000
513.0000	3536914133.0000	25651.0789	-1.7773	4.4360	-1.9472	-4.3336	-0.0121	-0.0001	-0.0807	0.0047	0.0000	0.0000	0.0000	0.0000	0.0000	0.0000	0.0000	0.0000
514.0000	3536914134.0000	25704.4492	2.4680	4.2692	-1.3819	2.3114	0.0061	-0.0001	0.1356	0.2155	0.0000	0.0000	0.0000	0.0000	0.0000	0.0000	0.0000	0.0000
515.0000	3536914135.0000	25751.1481	4.8325	0.9165	2.8842	0.6727	0.0016	-0.0001	0.3769	0.0190	0.0000	0.0000	0.0000	0.0000	0.0000	0.0000	0.0000	0.0000
516.0000	3536914136.0000	25801.1828	3.5371	-3.1147	-1.8819	-3.8268	-0.0108	-0.0001	0.6084	0.3452	0.0000	0.0000	0.0000	0.0000	0.0000	0.0000	0.0000	0.0000
517.0000	3536914137.0000	25854.5530	-0.5562	-4.6889	-4.1557	3.4258	0.0091	-0.0001	0.6863	-0.4586	0.0000	0.0000	0.0000	0.0000	0.0000	0.0000	0.0000	0.0000
518.0000	3536914138.0000	25901.2520	-4.2594	-2.6511	5.5275	5.5114	0.0148	-0.0000	-0.1930	-0.1110	0.0000	0.0000	0.0000	0.0000	0.0000	0.0000	0.0000	0.0000
519.0000	3536914138.0000	25951.2866	-4.8209	1.5199	5.6052	-5.1085	-0.0143	-0.0001	0.2781	0.0633	0.0000	0.0000	0.0000	0.0000	0.0000	0.0000	0.0000	0.0000
520.0000	3536914139.0000	26001.3212	-1.7559	4.3806	-4.6896	-4.8245	-0.0135	-0.0002	-0.1168	-0.2517	0.0000	0.0000	0.0000	0.0000	0.0000	0.0000	0.0000	0.0000
521.0000	3536914140.0000	26051.3558	2.5831	4.0361	-4.2949	5.1900	0.0139	-0.0001	0.2731	-0.0145	0.0000	0.0000	0.0000	0.0000	0.0000	0.0000	0.0000	0.0000
522.0000	3536914141.0000	26104.7261	4.9006	0.5271	3.3255	2.5512	0.0067	-0.0001	-0.2894	0.0238	0.0000	0.0000	0.0000	0.0000	0.0000	0.0000	0.0000	0.0000
523.0000	3536914142.0000	26154.7607	3.5751	-3.3995	1.0596	-3.5959	-0.0101	-0.0001	0.1543	0.0000	0.0000	0.0000	0.0000	0.0000	0.0000	0.0000	0.0000	0.0000
524.0000	3536914143.0000	26201.4597	-0.4768	-4.7139	-2.4951	1.2296	0.0031	-0.0001	0.1910	0.5840	0.0000	0.0000	0.0000	0.0000	0.0000	0.0000	0.0000	0.0000
525.0000	3536914144.0000	26251.4943	-3.9924	-2.3645	3.7180	4.3150	0.0116	-0.0000	0.1842	0.2437	0.0000	0.0000	0.0000	0.0000	0.0000	0.0000	0.0000	0.0000
526.0000	3536914144.0000	26301.5289	-4.6063	1.8183	2.3117	-4.7465	-0.0133	-0.0001	0.3401	-0.2422	0.0000	0.0000	0.0000	0.0000	0.0000	0.0000	0.0000	0.0000
527.0000	3536914145.0000	26354.8992	-1.5871	4.6028	-5.7161	-2.3063	-0.0066	-0.0001	0.0908	0.3824	0.0000	0.0000	0.0000	0.0000	0.0000	0.0000	0.0000	0.0000
528.0000	3536914146.0000	26401.5981	2.5331	4.0221	-1.5714	6.0450	0.0163	-0.0001	-0.1944	-0.9089	0.0000	0.0000	0.0000	0.0000	0.0000	0.0000	0.0000	0.0000
529.0000	3536914147.0000	26454.9684	4.5318	0.2306	5.0250	0.1647	0.0002	-0.0001	-0.0667	0.2507	0.0000	0.0000	0.0000	0.0000	0.0000	0.0000	0.0000	0.0000
530.0000	3536914148.0000	26505.0030	3.2660	-3.7189	-0.7558	-6.4880	-0.0181	-0.0002	-0.1521	-0.5225	0.0000	0.0000	0.0000	0.0000	0.0000	0.0000	0.0000	0.0000
531.0000	3536914149.0000	26551.7020	-0.6787	-4.8621	-6.0835	0.7340	0.0017	-0.0001	-0.1334	0.3451	0.0000	0.0000	0.0000	0.0000	0.0000	0.0000	0.0000	0.0000
532.0000	3536914149.0000	26601.7366	-4.0216	-2.4183	1.3990	5.1591	0.0139	-0.0000	-0.4846	0.4037	0.0000	0.0000	0.0000	0.0000	0.0000	0.0000	0.0000	0.0000
533.0000	3536914150.0000	26655.1068	-4.3145	1.8438	3.6889	-2.1332	-0.0061	-0.0001	-0.0442	-0.1320	0.0000	0.0000	0.0000	0.0000	0.0000	0.0000	0.0000	0.0000
534.0000	3536914151.0000	26705.1415	-1.1202	4.8651	-2.5219	-1.3310	-0.0039	-0.0001	-0.3720	-0.1102	0.0000	0.0000	0.0000	0.0000	0.0000	0.0000	0.0000	0.0000
535.0000	3536914152.0000	26751.8404	2.8624	3.9446	0.1511	3.9618	0.0106	-0.0001	0.0048	-0.3560	0.0000	0.0000	0.0000	0.0000	0.0000	0.0000	0.0000	0.0000
536.0000	3536914153.0000	26801.8750	4.6395	0.1649	3.5499	-2.2972	-0.0066	-0.0001	0.4569	-0.3936	0.0000	0.0000	0.0000	0.0000	0.0000	0.0000	0.0000	0.0000
537.0000	3536914154.0000	26851.9097	2.9981	-3.7826	-3.6315	-5.9587	-0.0166	-0.0001	0.0629	-0.3736	0.0000	0.0000	0.0000	0.0000	0.0000	0.0000	0.0000	0.0000
538.0000	3536914154.0000	26905.2799	-1.0024	-4.7016	-6.6582	4.0269	0.0108	-0.0000	0.3487	0.3236	0.0000	0.0000	0.0000	0.0000	0.0000	0.0000	0.0000	0.0000
539.0000	3536914155.0000	26955.3145	-4.3627	-2.2476	3.9688	6.7656	0.0183	-0.0000	-0.3901	-0.0488	0.0000	0.0000	0.0000	0.0000	0.0000	0.0000	0.0000	0.0000
540.0000	3536914156.0000	27002.0135	-4.3542	2.0105	5.0777	-4.0516	-0.0114	-0.0001	-0.0259	0.3009	0.0000	0.0000	0.0000	0.0000	0.0000	0.0000	0.0000	0.0000
541.0000	3536914157.0000	27055.3838	-0.8299	4.6872	-3.1842	-4.5596	-0.0128	-0.0001	0.0063	-0.3256	0.0000	0.0000	0.0000	0.0000	0.0000	0.0000	0.0000	0.0000
542.0000	3536914158.0000	27102.0827	3.1647	3.7337	-2.1222	2.4969	0.0066	-0.0001	-0.0079	0.2257	0.0000	0.0000	0.0000	0.0000	0.0000	0.0000	0.0000	0.0000
543.0000	3536914159.0000	27155.4530	4.7398	0.0567	2.7577	-1.2270	-0.0036	-0.0001	-0.1557	-0.5099	0.0000	0.0000	0.0000	0.0000	0.0000	0.0000	0.0000	0.0000
544.0000	3536914159.0000	27205.4876	2.8341	-3.7432	-3.6584	-2.7805	-0.0079	-0.0001	0.0654	0.1859	0.0000	0.0000	0.0000	0.0000	0.0000	0.0000	0.0000	0.0000
545.0000	3536914160.0000	27255.5222	-1.3745	-4.5067	-3.5016	4.7303	0.0127	-0.0000	-0.0613	0.6098	0.0000	0.0000	0.0000	0.0000	0.0000	0.0000	0.0000	0.0000
546.0000	3536914161.0000	27302.2212	-4.5176	-1.9130	6.0073	3.1836	0.0085	-0.0001	-0.4055	-0.2213	0.0000	0.0000	0.0000	0.0000	0.0000	0.0000	0.0000	0.0000
547.0000	3536914162.0000	27352.2558	-4.3262	2.1968	3.1410	-7.0144	-0.0196	-0.0001	0.4535	-0.3347	0.0000	0.0000	0.0000	0.0000	0.0000	0.0000	0.0000	0.0000
548.0000	3536914163.0000	27402.2904	-0.7414	4.6263	-6.9202	-2.8572	-0.0081	-0.0001	0.1136	-0.3893	0.0000	0.0000	0.0000	0.0000	0.0000	0.0000	0.0000	0.0000
549.0000	3536914164.0000	27455.6607	3.4102	3.3964	-2.5673	6.0522	0.0163	-0.0001	-0.7417	-0.3580	0.0000	0.0000	0.0000	0.0000	0.0000	0.0000	0.0000	0.0000
550.0000	3536914164.0000	27502.3596	4.8757	-0.1360	5.3963	1.9248	0.0050	-0.0001	-0.1135	0.6638	0.0000	0.0000	0.0000	0.0000	0.0000	0.0000	0.0000	0.0000
551.0000	3536914165.0000	27549.0586	3.1905	-3.7507	0.3185	-5.0281	-0.0141	-0.0001	0.2748	-0.2859	0.0000	0.0000	0.0000	0.0000	0.0000	0.0000	0.0000	0.0000
552.0000	3536914166.0000	27602.4289	-1.1972	-4.5204	-4.0238	1.9483	0.0051	-0.0001	0.2139	-0.3623	0.0000	0.0000	0.0000	0.0000	0.0000	0.0000	0.0000	0.0000
553.0000	3536914167.0000	27652.4635	-4.3391	-1.7553	3.3153	2.2896	0.0060	-0.0001	0.0911	-0.2103	0.0000	0.0000	0.0000	0.0000	0.0000	0.0000	0.0000	0.0000
554.0000	3536914168.0000	27699.1625	-4.2175	2.2484	2.3437	-3.4454	-0.0097	-0.0001	-0.1110	-0.0730	0.0000	0.0000	0.0000	0.0000	0.0000	0.0000	0.0000	0.0000
555.0000	3536914169.0000	27752.5327	-0.9908	4.7205	-4.9914	-0.6268	-0.0020	-0.0001	0.2649	-0.2710	0.0000	0.0000	0.0000	0.0000	0.0000	0.0000	0.0000	0.0000
556.0000	3536914169.0000	27799.2317	3.0224	3.4450	0.3847	5.6223	0.0151	-0.0001	-0.0582	0.2421	0.0000	0.0000	0.0000	0.0000	0.0000	0.0000	0.0000	0.0000
557.0000	3536914170.0000	27852.6019	4.6957	-0.4403	6.8546	-1.0355	-0.0031	-0.0001	-0.5234	0.3136	0.0000	0.0000	0.0000	0.0000	0.0000	0.0000	0.0000	0.0000
558.0000	3536914171.0000	27899.3009	2.7250	-4.0203	-2.0184	-6.0544	-0.0169	-0.0001	-0.0861	-0.3406	0.0000	0.0000	0.0000	0.0000	0.0000	0.0000	0.0000	0.0000
559.0000	3536914172.0000	27949.3355	-1.3443	-4.6604	-6.9192	2.2220	0.0058	-0.0001	0.5201	0.3228	0.0000	0.0000	0.0000	0.0000	0.0000	0.0000	0.0000	0.0000
560.0000	3536914173.0000	27999.3702	-4.3409	-1.6466	2.9670	4.8813	0.0131	-0.0000	0.0707	0.1713	0.0000	0.0000	0.0000	0.0000	0.0000	0.0000	0.0000	0.0000
561.0000	3536914174.0000	28049.4048	-3.9911	2.5773	4.0199	-3.1427	-0.0088	-0.0001	0.0774	-0.6320	0.0000	0.0000	0.0000	0.0000	0.0000	0.0000	0.0000	0.0000
562.0000	3536914174.0000	28102.7750	-0.5617	4.7823	-3.5335	-1.5559	-0.0045	-0.0001	0.0952	0.1354	0.0000	0.0000	0.0000	0.0000	0.0000	0.0000	0.0000	0.0000
563.0000	3536914175.0000	28149.4740	3.2110	3.4436	0.9414	2.6756	0.0070	-0.0001	-0.1245	0.0676	0.0000	0.0000	0.0000	0.0000	0.0000	0.0000	0.0000	0.0000
564.0000	3536914176.0000	28202.8442	4.5387	-0.6331	3.6947	-3.0123	-0.0085	-0.0001	-0.4227	0.5670	0.0000	0.0000	0.0000	0.0000	0.0000	0.0000	0.0000	0.0000
565.0000	3536914177.0000	28252.8789	2.2815	-4.1667	-3.9449	-4.5513	-0.0127	-0.0001	0.2088	-0.4019	0.0000	0.0000	0.0000	0.0000	0.0000	0.0000	0.0000	0.0000
566.0000	3536914178.0000	28302.9135	-1.8065	-4.5500	-4.5834	6.5731	0.0178	-0.0000	-0.7838	-0.4091	0.0000	0.0000	0.0000	0.0000	0.0000	0.0000	0.0000	0.0000
567.0000	3536914179.0000	28352.9481	-4.4648	-1.5230	5.9993	5.3699	0.0145	-0.0000	-0.2261	0.0187	0.0000	0.0000	0.0000	0.0000	0.0000	0.0000	0.0000	0.0000
568.0000	3536914179.0000	28402.9827	-3.8408	2.7505	3.7316	-6.4559	-0.0180	-0.0002	0.8317	-0.0011	0.0000	0.0000	0.0000	0.0000	0.0000	0.0000	0.0000	0.0000
569.0000	3536914180.0000	28449.6817	-0.2633	4.7808	-5.2888	-3.4264	-0.0097	-0.0001	-0.9682	-0.0255	0.0000	0.0000	0.0000	0.0000	0.0000	0.0000	0.0000	0.0000
570.0000	3536914181.0000	28503.0519	3.4681	3.3215	-1.7420	3.7783	0.0101	-0.0001	-0.6889	-0.1483	0.0000	0.0000	0.0000	0.0000	0.0000	0.0000	0.0000	0.0000
571.0000	3536914182.0000	28549.7509	4.7036	-0.5946	3.5276	0.2393	0.0004	-0.0001	-0.2612	-0.2598	0.0000	0.0000	0.0000	0.0000	0.0000	0.0000	0.0000	0.0000
572.0000	3536914183.0000	28599.7855	2.1679	-4.0115	-2.4966	-2.6469	-0.0075	-0.0001	0.3927	-0.4707	0.0000	0.0000	0.0000	0.0000	0.0000	0.0000	0.0000	0.0000
573.0000	3536914184.0000	28649.8201	-1.9888	-4.3130	-2.4704	3.2076	0.0085	-0.0001	-0.1581	0.1103	0.0000	0.0000	0.0000	0.0000	0.0000	0.0000	0.0000	0.0000
574.0000	3536914184.0000	28699.8548	-4.7176	-1.2809	5.4110	1.9062	0.0050	-0.0001	0.2134	0.0269	0.0000	0.0000	0.0000	0.0000	0.0000	0.0000	0.0000	0.0000
575.0000	3536914185.0000	28749.8894	-3.8262	2.6799	1.8620	-7.0869	-0.0198	-0.0002	-0.0520	-0.3663	0.0000	0.0000	0.0000	0.0000	0.0000	0.0000	0.0000	0.0000
576.0000	3536914186.0000	28799.9240	-0.0827	4.5577	-7.1898	-0.7967	-0.0025	-0.0001	0.4645	-0.0261	0.0000	0.0000	0.0000	0.0000	0.0000	0.0000	0.0000	0.0000
577.0000	3536914187.0000	28853.2942	3.7656	2.8836	-0.6331	6.6767	0.0180	-0.0001	-0.1158	0.1104	0.0000	0.0000	0.0000	0.0000	0.0000	0.0000	0.0000	0.0000
578.0000	3536914188.0000	28903.3288	4.7761	-1.0813	6.4823	-1.2112	-0.0036	-0.0001	0.1982	0.1298	0.0000	0.0000	0.0000	0.0000	0.0000	0.0000	0.0000	0.0000
579.0000	3536914189.0000	28950.0278	2.1119	-4.2231	-1.3969	-5.4057	-0.0151	-0.0002	-0.0331	-0.4895	0.0000	0.0000	0.0000	0.0000	0.0000	0.0000	0.0000	0.0000
580.0000	3536914189.0000	29000.0624	-2.1219	-4.1200	-4.2389	3.0730	0.0081	-0.0001	0.2862	0.1384	0.0000	0.0000	0.0000	0.0000	0.0000	0.0000	0.0000	0.0000
581.0000	3536914190.0000	29050.0971	-4.7757	-0.8183	3.2330	2.4841	0.0065	-0.0001	-0.0505	0.2568	0.0000	0.0000	0.0000	0.0000	0.0000	0.0000	0.0000	0.0000
582.0000	3536914191.0000	29100.1317	-3.7148	3.0984	0.9540	-4.4623	-0.0125	-0.0001	0.7302	0.1555	0.0000	0.0000	0.0000	0.0000	0.0000	0.0000	0.0000	0.0000
583.0000	3536914192.0000	29153.5019	0.0826	4.6225	-5.2625	1.0669	0.0026	-0.0001	0.6419	-0.1220	0.0000	0.0000	0.0000	0.0000	0.0000	0.0000	0.0000	0.0000
584.0000	3536914193.0000	29200.2009	3.7435	2.6091	2.3343	4.3962	0.0118	-0.0001	-0.5590	-0.3102	0.0000	0.0000	0.0000	0.0000	0.0000	0.0000	0.0000	0.0000
585.0000	3536914194.0000	29253.5711	4.5072	-1.5776	4.4227	-4.2735	-0.0120	-0.0002	0.1007	0.6252	0.0000	0.0000	0.0000	0.0000	0.0000	0.0000	0.0000	0.0000
586.0000	3536914194.0000	29300.2701	1.9078	-4.4563	-5.3336	-5.2410	-0.0147	-0.0001	-0.1358	0.6948	0.0000	0.0000	0.0000	0.0000	0.0000	0.0000	0.0000	0.0000
587.0000	3536914195.0000	29353.6404	-2.2240	-4.0757	-5.6522	4.6066	0.0124	-0.0000	0.1447	0.2583	0.0000	0.0000	0.0000	0.0000	0.0000	0.0000	0.0000	0.0000
588.0000	3536914196.0000	29403.6750	-4.5661	-0.5876	6.6634	4.0103	0.0108	-0.0000	0.0670	0.0396	0.0000	0.0000	0.0000	0.0000	0.0000	0.0000	0.0000	0.0000
589.0000	3536914197.0000	29450.3740	-3.4862	3.3201	3.7197	-4.4188	-0.0124	-0.0001	0.2366	-0.3798	0.0000	0.0000	0.0000	0.0000	0.0000	0.0000	0.0000	0.0000
590.0000	3536914198.0000	29503.7442	0.3424	4.8215	-3.1978	-0.5982	-0.0019	-0.0001	-0.1981	-0.2295	0.0000	0.0000	0.0000	0.0000	0.0000	0.0000	0.0000	0.0000
591.0000	3536914199.0000	29553.7788	3.7350	2.6345	1.0533	2.7134	0.0071	-0.0001	0.4042	0.0257	0.0000	0.0000	0.0000	0.0000	0.0000	0.0000	0.0000	0.0000
592.0000	3536914199.0000	29600.4778	4.3851	-1.4719	2.4642	-3.9714	-0.0112	-0.0001	0.0956	-0.3011	0.0000	0.0000	0.0000	0.0000	0.0000	0.0000	0.0000	0.0000
593.0000	3536914200.0000	29653.8481	1.4223	-4.4374	-6.2038	-1.8334	-0.0053	-0.0001	0.2632	0.1260	0.0000	0.0000	0.0000	0.0000	0.0000	0.0000	0.0000	0.0000
594.0000	3536914201.0000	29703.8827	-2.6149	-3.9978	-2.4081	7.3763	0.0200	-0.0000	-0.0790	0.1308	0.0000	0.0000	0.0000	0.0000	0.0000	0.0000	0.0000	0.0000
595.0000	3536914202.0000	29753.9173	-4.6258	-0.4456	7.5830	2.0846	0.0054	-0.0001	-0.5284	0.1568	0.0000	0.0000	0.0000	0.0000	0.0000	0.0000	0.0000	0.0000
596.0000	3536914203.0000	29803.9519	-3.0761	3.3792	1.5655	-8.1078	-0.0227	-0.0002	0.1585	-0.2250	0.0000	0.0000	0.0000	0.0000	0.0000	0.0000	0.0000	0.0000
597.0000	3536914204.0000	29853.9865	0.8039	4.6570	-6.1931	-0.5319	-0.0017	-0.0001	-0.1291	-0.2785	0.0000	0.0000	0.0000	0.0000	0.0000	0.0000	0.0000	0.0000
598.0000	3536914204.0000	29900.6855	4.1052	2.4406	0.5675	5.1025	0.0137	-0.0001	-0.5854	-0.1411	0.0000	0.0000	0.0000	0.0000	0.0000	0.0000	0.0000	0.0000
599.0000	3536914205.0000	29954.0557	4.2915	-1.5975	3.4500	-0.7063	-0.0022	-0.0001	0.3443	-0.3523	0.0000	0.0000	0.0000	0.0000	0.0000	0.0000	0.0000	0.0000
600.0000	3536914206.0000	30004.0904	1.1481	-4.4490	-3.3459	-1.8984	-0.0055	-0.0001	-0.0068	-0.1131	0.0000	0.0000	0.0000	0.0000	0.0000	0.0000	0.0000	0.0000
